0.0625 0.0 0.0 0.0 
0.1875 0.0 0.0 0.0 
0.3125 0.6204209569659402 0.07334341895059782 0.08899959684160441 
0.4375 0.6762180124710294 0.0879480778602274 0.08346360814108711 
0.5625 0.718833509603443 0.09754802836289256 0.10802171097109436 
0.6875 0.7844923249359173 0.11185580439960008 0.12376001120742841 
0.8125 0.8256990396438169 0.1254153540866716 0.15334806898233622 
0.9375 0.8970323167480923 0.15806100687365054 0.15777446074835755 
1.0625 0.9245809274390613 0.13580868492708198 0.16713506287739488 
1.1875 0.9252914228447862 0.14059061365484893 0.22153662573974175 
1.3125 1.021428492903951 0.1618983626544217 0.1650688207502511 
1.4375 0.99472785095328 0.1398161353313907 0.22112933662488077 
1.5625 1.1305243689621807 0.27375678059866204 0.2304095526844876 
1.6875 0.9886775865761991 0.30126873134035004 0.24836061193771364 
1.8125 0.9475953345358189 0.0775960739649244 0.037260145432045366 
1.9375 0.759118241781654 0.18418036509400193 0.31927309046563557 
2.0625 0.7282039779804268 0.19246431749978776 0.27967226884967245 
2.1875 0.0 0.0 0.0 
2.3125 1.171738136383281 0.0 0.0 
2.4375 0.0 0.0 0.0 
