1.0 1.2473376135505738 0.3637582426274738 0.377406043162654 
3.0 1.1479386402145786 0.25586284594156516 0.3019893439691388 
5.0 1.061659846194118 0.19655230976198979 0.23697916965675314 
7.0 1.0062032112944628 0.1734767920652307 0.19887850940129215 
9.0 0.9611857200712683 0.171414130998774 0.20006265404479562 
11.0 0.9094869306736137 0.16683485314987823 0.19265864596297888 
13.0 0.8557471976637381 0.14988758127570279 0.1881512701262984 
15.0 0.8327272458683597 0.14545184566274927 0.1891037626577976 
17.0 0.8027469449866345 0.12779525305450268 0.17814697242319721 
19.0 0.7960544069919739 0.13157700401435934 0.15775129927740938 
21.0 0.7646902833985163 0.11708714230606387 0.13475587185874704 
23.0 0.7427727973751364 0.09381686980179338 0.1474773962136412 
