1.0 0.8583439519598782 0.24027667116537432 0.22525667598706345 
3.0 0.9130881370935267 0.38229819074551574 0.37174080677588295 
5.0 0.8691965444948918 0.24320939503008965 0.42050788183188004 
7.0 0.7795238926373653 0.17037041157337462 0.20332553185892155 
9.0 0.6229081209462011 0.2386502963152966 0.3662024821800858 
11.0 0.9513488856429885 0.4016923797106722 0.3278232730976519 
13.0 1.0760023659849818 0.4522418178613755 0.23317016218201903 
15.0 1.2744945599009214 0.21940454619806116 0.14168007529645354 
17.0 0.7848940998366749 0.1700353534430401 0.3640885867414487 
19.0 1.0232066491052256 0.06270124015228318 0.06270124015228307 
21.0 0.7647292684392777 0.25009946160816554 0.5823522725561494 
23.0 1.069135576506231 0.053990745586694366 0.099117938443821 
