0.0625 0.0 0.0 0.0 
0.1875 0.7376381527538705 0.13966636713686886 0.17615578329738169 
0.3125 0.7527067380736224 0.13225721359443776 0.15430878934171044 
0.4375 0.7743818759101888 0.11451557191843531 0.17340277225614742 
0.5625 0.8256047868304417 0.13197810243259622 0.16755169907334122 
0.6875 0.8745393069919688 0.13099953877584358 0.1504109166308455 
0.8125 0.9326618247305223 0.1434957222820934 0.1599720885748761 
0.9375 0.9973992909883594 0.15138159677870666 0.16803292219350585 
1.0625 1.0719387526216666 0.1718812822596335 0.19254886136870764 
1.1875 1.1187080343629137 0.19326426472818137 0.1666500640694477 
1.3125 1.145896634308205 0.2535995689784254 0.21708017938659951 
1.4375 1.1465695220634144 0.2533127920299282 0.17562317124266613 
1.5625 1.0304494206763377 0.2071855012669357 0.27737300973935053 
1.6875 1.027412891075192 0.16212154845375637 0.30085027703502476 
1.8125 1.1652855130601931 0.23819205198897964 0.21070289175301515 
1.9375 1.1349455911314865 0.34772358261802905 0.0597898925940652 
2.0625 0.5735437528836076 0.0 0.0 
2.1875 0.9585506950392295 0.2168739038721399 0.21687390387214012 
2.3125 0.398474402843669 0.02869217375850769 0.028692173758507633 
2.4375 0.0 0.0 0.0 
