0.0625 1.1823219853305005 0.2335888948460354 0.26729110399123024 
0.1875 1.1729464508924734 0.23373961287032796 0.28416723943056965 
0.3125 1.147631495276129 0.23113046102491885 0.2677768800560314 
0.4375 1.1438111969521538 0.24163030523329665 0.28715045954281404 
0.5625 1.1151223707686602 0.2329266760182911 0.2593667632995782 
0.6875 1.1062026217275003 0.2518425771963426 0.2819659427837806 
0.8125 1.094886949304744 0.29283067320949685 0.31257295879000435 
0.9375 1.0671942097449425 0.33216269736891624 0.3665871078986611 
1.0625 1.0109071946535413 0.24046109802403326 0.4060333306961825 
1.1875 0.9869818421154715 0.31358128425800347 0.374955664050018 
1.3125 0.9978106551597044 0.23671585573635956 0.38749974476771687 
1.4375 0.8126208512000341 0.2354835023261962 0.3121625693100365 
1.5625 0.8587353348099545 0.29688617936156136 0.306372717123401 
1.6875 0.8671846395132203 0.20971505762497944 0.3996981176213741 
1.8125 0.8372536641907654 0.35026759411749103 0.6727660451252923 
1.9375 1.0729359575238486 0.3650079061945444 0.37961233626920743 
2.0625 1.0986547233733284 0.25252880900594343 0.14981973338998444 
2.1875 0.7660573773037904 0.0 0.0 
2.3125 0.0 0.0 0.0 
2.4375 0.0 0.0 0.0 
