0.0625 1.2237824049268666 0.2797116348127402 0.2962444994646647 
0.1875 1.1843562595460473 0.26771651313275935 0.30142831745125953 
0.3125 1.0856374674918656 0.26457855717687084 0.30844563609924536 
0.4375 0.9941805352897986 0.23976138021380855 0.3008664412265125 
0.5625 0.9380691666083925 0.2097028660328356 0.2568484355118352 
0.6875 0.9260545513638723 0.18170580255911106 0.25579521677975636 
0.8125 0.9675607117496287 0.1997616925254958 0.25647375697540953 
0.9375 0.9880182984749397 0.22200816392464684 0.26361037449480973 
1.0625 1.006945895816 0.21351437320608768 0.26437909310922425 
1.1875 1.014537232687195 0.28251459529795986 0.2929709186015492 
1.3125 1.0104702799915626 0.266278488681872 0.31658065141454195 
1.4375 0.9473202152886304 0.2663874492921101 0.35393451500923967 
1.5625 0.9404063177052601 0.3066745123589478 0.36643874781251495 
1.6875 0.9050591531566113 0.2415418482438687 0.3830802577510145 
1.8125 0.8858037338079799 0.31436729258246 0.3544230636222968 
1.9375 0.9244979418072414 0.34506775963827463 0.28974381675129357 
2.0625 0.8600482443685633 0.28830716800616996 0.2902992148930106 
2.1875 0.6396184834625532 0.028308402351304718 0.24001128367757107 
2.3125 0.4096673754701535 0.04264209207933539 0.4111574679377664 
2.4375 0.0 0.0 0.0 
