1.0 0.9380661197834289 0.28202252584626286 0.33465193783488123 
3.0 1.076002527952624 0.31908535711984354 0.35231935944846837 
5.0 1.1439892817377273 0.23378422604432136 0.24588184923997636 
7.0 1.0904183954138196 0.1816759154278914 0.21807223214774663 
9.0 1.0142779714678873 0.1673971463488655 0.20044292791966756 
11.0 0.9585192992695745 0.14258980707574065 0.1616386210641526 
13.0 0.9247703157137862 0.1438715309199644 0.16592117820640329 
15.0 0.8998640789173813 0.1363506517021007 0.1598147873683171 
17.0 0.8752205548623148 0.12598212655452246 0.14367065958675374 
19.0 0.832577250217226 0.12054237758331854 0.13301324846171836 
21.0 0.7908653807686497 0.12293505522453729 0.11362140893708206 
23.0 0.7666040452052014 0.09304284626496839 0.10781814488619279 
