1.0 1.2669234296044511 0.3609142277138401 0.37486122128998556 
3.0 1.18189390753059 0.23139500946260871 0.28185694714493614 
5.0 1.02506449213095 0.18944050855326577 0.22805072967240236 
7.0 0.889213108776624 0.14488222332247358 0.1781183108040758 
9.0 0.8116805488196495 0.08083007702038436 0.14567621583046908 
11.0 0.7639596905361796 0.13679383812346924 0.11411007594868505 
13.0 0.6848424596706694 0.10851228775168809 0.0674932309709999 
15.0 0.6552011645345666 0.10983701212104857 0.1434756622181076 
17.0 0.6458438713230282 0.10779637645313223 0.02768894369410213 
19.0 0.0 0.0 0.0 
21.0 0.0 0.0 0.0 
23.0 0.0 0.0 0.0 
