1.0 0.8473891157773249 0.2103299298979836 0.31132517527830184 
3.0 0.95607062283247 0.2804877290564598 0.4173021358463711 
5.0 1.0447826842898404 0.2604242456791357 0.3102825699398648 
7.0 1.0917271055749211 0.2215053771936295 0.24773442238917576 
9.0 1.1078757751546804 0.19779879833958602 0.23132327901936556 
11.0 1.105209566656303 0.19688627758720023 0.20205556426022575 
13.0 1.086713661254771 0.18492302249476888 0.2120118846404513 
15.0 1.0566560927945088 0.18120718733828 0.1942958139369848 
17.0 1.0034928395976488 0.17091118604393818 0.19542271837126246 
19.0 0.9517618392183476 0.1130076437782842 0.206701162148631 
21.0 0.8956655313296747 0.12066185131486074 0.1482572050801526 
23.0 0.9121313855417322 0.1537740737971488 0.1669989244839417 
