0.0625 0.9020921574437183 0.09930918359468965 0.1721637767504024 
0.1875 0.9000058031400963 0.1510925674525211 0.19080843732073893 
0.3125 0.9134166043464201 0.14851871009294215 0.18529245875283096 
0.4375 0.9546759722507913 0.1525472163046545 0.16705244889577953 
0.5625 1.0050129589408954 0.17317454673379273 0.1788057089288495 
0.6875 1.0315375659980746 0.17583954617421227 0.18933913188804663 
0.8125 1.0648829015016545 0.17816122805008938 0.21915167101565602 
0.9375 1.0888900195776794 0.19256716465538237 0.234906712555085 
1.0625 1.0911953005146149 0.19053837019214903 0.2002228602771492 
1.1875 1.1287539936625073 0.24742387355721607 0.26536067693002474 
1.3125 1.0896954965190284 0.21458847873289844 0.25747356199934246 
1.4375 1.0549183599366472 0.2368221333549757 0.3245185881012258 
1.5625 1.054158800821268 0.3593716672026297 0.3060573396239761 
1.6875 0.890171148417951 0.3122769359877793 0.3265250012543871 
1.8125 0.7655931074548875 0.15713097585087843 0.2569027193966299 
1.9375 0.8048762160477624 0.20446883507838454 0.21314427696698057 
2.0625 0.6141959064140119 0.12543261917321968 0.14964382411397237 
2.1875 0.6254853633712535 0.016649434988055267 0.1302401079801846 
2.3125 0.3786659749223621 0.0 0.0 
2.4375 0.0 0.0 0.0 
