1.0 1.1427932684602915 0.29936143340540133 0.3183150595705717 
3.0 1.1481990775058195 0.2460079976601227 0.2913739659389858 
5.0 1.0545720094795346 0.1793504757507398 0.22617068167871457 
7.0 0.9828937705619475 0.15556110669771483 0.17468365271181752 
9.0 0.9326217035071349 0.16034074696597844 0.17829239503286454 
11.0 0.8626090838336655 0.15673962616649184 0.17899078663355228 
13.0 0.7863468407430073 0.11090114997746303 0.1468842612318798 
15.0 0.7597210445362512 0.11334138768745072 0.11712782838251057 
17.0 0.7339344650244638 0.10067863229074792 0.10790650988817174 
19.0 0.7176252953889404 0.09835634886256539 0.1270504006298121 
21.0 0.7069813502327623 0.08472540796264849 0.10883110035198384 
23.0 0.6963069694698754 0.09475547999586598 0.08122106678425989 
