0.0625 1.2338390733054594 0.2903941205860677 0.2993594893153215 
0.1875 1.2176036887278756 0.2856216119266991 0.30746161741879363 
0.3125 1.1937175223885428 0.29997072438383565 0.31002805484496987 
0.4375 1.1515962315982653 0.2700573285898913 0.3041050437914463 
0.5625 1.106646236512798 0.28693304033461586 0.32545212431089454 
0.6875 0.9598159422636039 0.2649253639928444 0.32741552550120545 
0.8125 0.9585626071162037 0.2750939745074158 0.35484268675972963 
0.9375 0.8574599733707564 0.2527219857702764 0.35856217939945356 
1.0625 0.8951247526759841 0.19969415985235528 0.2994720973747619 
1.1875 0.8213984879091649 0.20018296456064522 0.40249975302953556 
1.3125 0.8002189685019033 0.21203434148107614 0.2364218469899967 
1.4375 0.8438856522114022 0.2144440921984423 0.3328830718975797 
1.5625 0.7667703157573917 0.21498489920054387 0.37419366610727045 
1.6875 0.8413040099845074 0.19607837132605432 0.3813063766921595 
1.8125 0.8583439519598782 0.25611839956841564 0.08582332518020663 
1.9375 0.8992185073976268 0.39777070226483313 0.27642166829045045 
2.0625 0.8605120979821864 0.0 0.0 
2.1875 0.0 0.0 0.0 
2.3125 0.0 0.0 0.0 
2.4375 0.0 0.0 0.0 
