1.0 1.1211901776575635 0.3274385178766972 0.36748371617117925 
3.0 1.0516282130867172 0.25832524925740963 0.30033862441290426 
5.0 0.9862249019367466 0.1864151047902851 0.245253920492579 
7.0 0.959471206854215 0.1632531306757551 0.18905904798182127 
9.0 0.9293232620967861 0.17842764995566884 0.1982251484428147 
11.0 0.8506453774355457 0.16284074043557795 0.195614718645705 
13.0 0.8029946965826171 0.14090261599990983 0.19802421855489838 
15.0 0.799302746454659 0.13760170625138013 0.1921159716366181 
17.0 0.8081068786113224 0.14838862329812585 0.16945445668916692 
19.0 0.8102895045971161 0.13686612161969025 0.14130439634537317 
21.0 0.7791704990268865 0.11654481436913 0.14388551727170917 
23.0 0.7511557801794901 0.12415721535591195 0.13302825354080083 
