1.0 0.7830882184114947 0.2218445174211635 0.22163101930697504 
3.0 0.7921680719687705 0.23008102319277113 0.2966555320391475 
5.0 0.8700251938109113 0.21405858321052063 0.3177471817428673 
7.0 0.9262300574210541 0.19916031504536058 0.24470485878264736 
9.0 0.9563433923989819 0.20510027293827537 0.227512895057425 
11.0 0.971183329302359 0.18808066740877538 0.23209294547672765 
13.0 0.9887010700612284 0.2043526276687594 0.23237690534306887 
15.0 0.966389789728178 0.20078556205488007 0.21260283645205702 
17.0 0.9076110148015193 0.1744680608155208 0.22328744111323262 
19.0 0.8788771274129497 0.15692820231941262 0.19839535155797328 
21.0 0.808083846222779 0.16518766589884737 0.13272718091490576 
23.0 0.8165911344371138 0.16199319157610093 0.12671707624959927 
