0.0625 1.1258512379408745 0.27017914857292036 0.30247853059056995 
0.1875 1.0870549055056717 0.24402643161861926 0.3000666473795317 
0.3125 1.012002024606301 0.22814952503214792 0.2843308016616233 
0.4375 0.9418646902756551 0.22804951875525004 0.2656116212648536 
0.5625 0.886469718340572 0.19004406718061984 0.2480553427748894 
0.6875 0.8749887840406312 0.16278218629925356 0.23585320923896202 
0.8125 0.8996578239271249 0.1821892865161897 0.22103988804291186 
0.9375 0.9077005143544324 0.21081920015085398 0.23873956682222774 
1.0625 0.9016148169509332 0.20859466785049452 0.24176185651594884 
1.1875 0.8619774404017307 0.23843946090965806 0.26230049678999745 
1.3125 0.8484969505632731 0.2133799071288892 0.31247857463281914 
1.4375 0.8019732477976105 0.24942907676521697 0.26749253447229226 
1.5625 0.7345718499775157 0.20636842306597325 0.3176445210983826 
1.6875 0.8495959309234113 0.2454920256290265 0.22263950733678084 
1.8125 0.7272838038293378 0.2381623358288839 0.24674604106290587 
1.9375 0.727011276422325 0.2668047436961329 0.3623477686744986 
2.0625 0.6510641073562609 0.19135627569969393 0.18446409990486512 
2.1875 0.5943926702823861 0.0516553247296363 0.13057023552950964 
2.3125 0.5936929379048714 0.15395948304650686 0.2337285792751218 
2.4375 0.0 0.0 0.0 
