0.0625 0.0 0.0 0.0 
0.1875 0.0 0.0 0.0 
0.3125 0.6239403105190131 0.052966149131751794 0.07339299959992418 
0.4375 0.668378811788602 0.07446613211774222 0.08350408305687529 
0.5625 0.7348263741995253 0.10041691136749697 0.11547672084462546 
0.6875 0.8044542299236304 0.12769991781679157 0.12236912516075249 
0.8125 0.8558929360477687 0.15976636462342308 0.14792142482434478 
0.9375 0.8782479084610018 0.17835829723848273 0.18096200607450585 
1.0625 0.8603495791739645 0.15575210505696957 0.23849498215675802 
1.1875 0.8267109808122317 0.12245204223728834 0.20662591654546336 
1.3125 0.8615016702349045 0.15825201141895018 0.19273401473697938 
1.4375 0.855881978670136 0.14790537603276832 0.13826820499567494 
1.5625 1.0055702099334847 0.2927252981946308 0.1145824729974454 
1.6875 0.8931840926818762 0.17123445614405308 0.10001158139754562 
1.8125 0.7435833226606618 0.01449310384623348 0.05058970901379756 
1.9375 0.6408353634773701 0.06251694057030177 0.3821300972506253 
2.0625 0.6135743020154732 0.04488395072341533 0.14633844217796987 
2.1875 0.0 0.0 0.0 
2.3125 1.0315637865697802 0.0 0.0 
2.4375 0.0 0.0 0.0 
