1.0 1.144352488765781 0.3285685516219553 0.3627264728608157 
3.0 1.1056553695278386 0.227487226921799 0.2930273566910522 
5.0 0.9888828797100078 0.18393356314478182 0.24334318797603816 
7.0 0.8456019229903415 0.08416432737762525 0.16881506637860677 
9.0 0.8590069789614959 0.10103886787715644 0.10376334669470177 
11.0 0.8077345034981049 0.15859692668759184 0.13011610927152983 
13.0 0.638709289721937 0.09910632421943977 0.18312796626927663 
15.0 0.6079778744658388 0.07727578284923808 0.10434257538359637 
17.0 0.5843762773546696 0.02506843548165516 0.03212759820461597 
19.0 0.0 0.0 0.0 
21.0 0.0 0.0 0.0 
23.0 0.0 0.0 0.0 
