0.0625 1.1211372549788998 0.22508044982005337 0.29381641357789356 
0.1875 1.0947285693718718 0.22781499348005674 0.2956428625991461 
0.3125 1.076585750238375 0.23010182326984463 0.27366479777128916 
0.4375 1.0429646962720365 0.2230159556847151 0.29005177026149154 
0.5625 1.0065445573951293 0.21237712856358892 0.281307805130081 
0.6875 0.9925598188382958 0.2301768332740517 0.2840407838692989 
0.8125 0.9497973108508548 0.23568840948429004 0.28724721011157595 
0.9375 0.919975398530718 0.2550940230777271 0.36378519017561217 
1.0625 0.8373322481560709 0.22157666866400516 0.33346170817405396 
1.1875 0.8048486517604383 0.22977795734975592 0.27037428814162956 
1.3125 0.8669193744918784 0.23255516666415832 0.27639843861922064 
1.4375 0.6506875671005365 0.18237706647806373 0.2879828899326017 
1.5625 0.6017263349011027 0.12865209610763745 0.34302568395135125 
1.6875 0.7458777869703497 0.17563336090193993 0.3539285563815717 
1.8125 0.6568765445953803 0.1989679163922461 0.14351260520665443 
1.9375 0.7410579598951126 0.24338121529365014 0.37312176020268173 
2.0625 0.7567910316360654 0.1584364968913784 0.11924211745749702 
2.1875 0.5943926702823861 0.0 0.0 
2.3125 0.0 0.0 0.0 
2.4375 0.0 0.0 0.0 
