0.0625 0.0 0.0 0.0 
0.1875 0.786620760217802 0.1750546186517965 0.09355383119052818 
0.3125 0.6933442290596421 0.11346883032486554 0.258423118321628 
0.4375 0.7379370546712697 0.12057741167341318 0.21605528543076802 
0.5625 0.7706842559349338 0.11645176736210372 0.16710136359669847 
0.6875 0.8143259256872003 0.11794781411756194 0.1578183638689692 
0.8125 0.8776969060582749 0.1448588307030262 0.16114070850420048 
0.9375 0.9384589016516931 0.1506544793837199 0.18667221255625344 
1.0625 0.9707687742716878 0.16506256307804068 0.21976262019559167 
1.1875 1.038286046002698 0.17194598806911865 0.19729658238251724 
1.3125 0.9624931297192869 0.19037350488154636 0.30700118049259983 
1.4375 0.7801891972448698 0.11352565765369893 0.3187685350971332 
1.5625 0.9361418396431882 0.23205703473310058 0.15304325098031724 
1.6875 0.909992928271295 0.14503221937378474 0.25823214484913615 
1.8125 1.0889533590486105 0.22587529576505838 0.21044023907249332 
1.9375 1.0416000759440505 0.44306909494612445 0.2618590576176434 
2.0625 0.4260943268441631 0.0 0.0 
2.1875 0.797751770513147 0.172186703761105 0.172186703761105 
2.3125 0.44517134058696667 0.09244405738623579 0.09244405738623579 
2.4375 0.0 0.0 0.0 
