0.0625 0.9812396661057573 0.1945457688094986 0.03964051094073773 
0.1875 0.8657876168101003 0.11739933981959239 0.230505747924045 
0.3125 0.8969445345361666 0.13053449136759443 0.165621775280131 
0.4375 0.939543258586839 0.14963995788767315 0.1582430012967483 
0.5625 0.980315999333216 0.1938771950280671 0.17314461148942617 
0.6875 0.9844982108037211 0.19025324440003888 0.20389592684437463 
0.8125 0.9948168971883065 0.19553717037023977 0.21054308991967607 
0.9375 0.969166975980728 0.17525135161777694 0.2405730433054618 
1.0625 0.9486007054681346 0.1884901323110546 0.2242548983655327 
1.1875 0.9291159497813346 0.1670459317505235 0.2516081966571444 
1.3125 0.9002691922088989 0.2295383715287922 0.2945465703934246 
1.4375 0.9366320659310772 0.3272487819851616 0.31497480067790273 
1.5625 0.8802143467964068 0.23959571469114493 0.26534240279697263 
1.6875 0.7258129012013614 0.25057334376632856 0.16273735122990207 
1.8125 0.6391571284662136 0.14506489919170612 0.15195300780254328 
1.9375 0.6212273478816566 0.2181044601097149 0.14105329845330616 
2.0625 0.5341530696846584 0.09477369657278101 0.0717076192932371 
2.1875 0.6113674774745701 0.07228419067461489 0.06615513368310766 
2.3125 0.6062673920077237 0.0 0.0 
2.4375 0.0 0.0 0.0 
