1.0 0.9964224731874334 0.24821576825691227 0.29641443058437345 
3.0 1.0516441804371952 0.23953674530343538 0.28920475666746537 
5.0 0.9872630792286923 0.171002933688561 0.2384330629738225 
7.0 0.9555543426639485 0.14640431744650173 0.1642098160292983 
9.0 0.9294176907065743 0.18554131962565368 0.18636612625735682 
11.0 0.8113668657931143 0.1505541702612534 0.20208580802507625 
13.0 0.7441105711761578 0.11268321139770343 0.14108027266880074 
15.0 0.7291333165087591 0.10161359359599931 0.12462863185893647 
17.0 0.7347864874166318 0.11194015258329193 0.11761559596107274 
19.0 0.7395488043433259 0.09987497107823662 0.13376948915549924 
21.0 0.7653897417217319 0.10850775987708439 0.10813488790072667 
23.0 0.7404509464849802 0.11993399775334979 0.09225465892834717 
