1.0 0.7943246279021472 0.2166948266828389 0.25673638259343856 
3.0 0.7159386305183533 0.23063146260229067 0.21859772509829656 
5.0 0.5943710783293725 0.1367900095819085 0.19680276158845955 
7.0 0.6212273478816566 0.16029778286658047 0.13891446847611844 
9.0 0.5520085014286659 0.1236139229000004 0.22001259075963187 
11.0 0.8227333091784741 0.1881156305571352 0.45980869650396405 
13.0 0.9345602252848564 0.41845020427938284 0.3163253348144399 
15.0 1.021174377172797 0.17590899375348312 0.2038702198564546 
17.0 0.7554301265924572 0.24665397740865813 0.28978042167048534 
19.0 0.8893071009037827 0.06297742241580806 0.06297742241580795 
21.0 0.6792697358474841 0.11152613498272324 0.1493627417486375 
23.0 1.1871434740495053 0.3185383607522818 0.10846995122320968 
