0.0625 1.1270539599320348 0.2768618303796073 0.3061450071362539 
0.1875 1.1007875632840558 0.2553519637685969 0.29256075402401427 
0.3125 1.0519618134317728 0.2561669462799552 0.29565577507054086 
0.4375 1.011129480955012 0.22679678443774742 0.29816242960875816 
0.5625 0.9726570991048994 0.22975719610510492 0.28865337321277795 
0.6875 0.8162668760533167 0.18066599466804756 0.29263615701118195 
0.8125 0.8337438469679131 0.24317896659702043 0.2565115248922486 
0.9375 0.7536109609909054 0.21246856043490692 0.25833034448817904 
1.0625 0.8458067208489469 0.20895186952833034 0.18804916124862048 
1.1875 0.7087184494101327 0.17584911971313644 0.23333444182299568 
1.3125 0.7165613667394665 0.1640361093494216 0.259583298498115 
1.4375 0.8262963044409288 0.2732438554556622 0.19293711689942494 
1.5625 0.6439691456344034 0.15068840852456705 0.17735677053880816 
1.6875 0.8583586690546021 0.2032092279555624 0.20377902515455126 
1.8125 0.7117157328724294 0.1593590840381901 0.18051196196658725 
1.9375 0.8120033161734218 0.3094078698079985 0.2721445885350017 
2.0625 0.8382700993182419 0.0 0.0 
2.1875 0.0 0.0 0.0 
2.3125 0.0 0.0 0.0 
2.4375 0.0 0.0 0.0 
