1.0 0.8047402700454839 0.2224159386646506 0.2641798418072684 
3.0 0.9231586855979579 0.24188922799578882 0.32930609191134996 
5.0 1.0230184304023218 0.20468212524489793 0.24286466541528307 
7.0 1.022620252749014 0.18528571045774522 0.22152151877164017 
9.0 0.9342710190072732 0.17004935918603403 0.21395474601429298 
11.0 0.8836904302190983 0.14413964972848314 0.16433796877216633 
13.0 0.8777693637134791 0.13328726604767327 0.17513203338182026 
15.0 0.8869524983566903 0.14083685309141303 0.15647646107092839 
17.0 0.8855436964131711 0.12912577477466314 0.15801137421676748 
19.0 0.8576680432681069 0.13811068787999847 0.1507541714770807 
21.0 0.8050918646104764 0.12832427411350555 0.14850337363169386 
23.0 0.755859174575184 0.12832286440408636 0.14918857347104186 
