1.0 1.3029412785659673 0.23119427570306628 0.2944657979881711 
3.0 1.2377444893986822 0.22721693403518906 0.28999912240818926 
5.0 1.1520149601354506 0.1851662643298967 0.2507478355080408 
7.0 1.0698486644492844 0.19163753234824232 0.19929952274453377 
9.0 0.9824231791436109 0.16696665888301754 0.24174846080397283 
11.0 0.9074613286740547 0.12814661546484873 0.19063834102039956 
13.0 0.7501857608287663 0.12940819419992688 0.12894726567722525 
15.0 0.8762887789785554 0.09096240353474272 0.0587811843234477 
17.0 0.8175843505020088 0.05420023018941189 0.054200230189412 
19.0 0.0 0.0 0.0 
21.0 0.0 0.0 0.0 
23.0 0.0 0.0 0.0 
