0.0625 1.0505309251947268 0.15781908126259991 0.2317803708870212 
0.1875 1.0833129267503965 0.1919204702404328 0.2405044517331114 
0.3125 1.1018159821305304 0.19387957145665868 0.22823407521731287 
0.4375 1.1156565857659553 0.20114997208536 0.25125742462460154 
0.5625 1.1245603712425059 0.1946612184595019 0.2397579776799188 
0.6875 1.1497037355063537 0.1983302828586091 0.24178681694322068 
0.8125 1.1789081523890226 0.21500417454720222 0.25069517729395385 
0.9375 1.1770815111261363 0.21852936975920323 0.28217052226287853 
1.0625 1.183918945237952 0.24056238308306077 0.30482829812314693 
1.1875 1.140118922803607 0.21090880320900263 0.3025888045180316 
1.3125 1.0873716191062304 0.23671625597554125 0.25964605351805203 
1.4375 1.0012660957436432 0.18978575440194023 0.37295983692235946 
1.5625 1.1222462194345315 0.2129645039718333 0.4377963038982098 
1.6875 1.0025642447477734 0.20202244174528383 0.426590766847897 
1.8125 1.0631074727929528 0.20931797051869483 0.2192153668071266 
1.9375 1.2196789131706016 0.25036698244953126 0.35123142036989496 
2.0625 1.1167614809863793 0.24962990685592346 0.19339547392280543 
2.1875 0.6613059022261982 0.0667345299093105 0.10514665735531425 
2.3125 1.4264057414934206 0.42685286574227255 0.3544406114555514 
2.4375 0.5878123537067015 0.03826985775472913 0.0596806289260271 
