0.0625 1.254278737760739 0.2301370377615073 0.27815909081296164 
0.1875 1.2213279954919183 0.2206697492587013 0.28555405778261234 
0.3125 1.1767615888159417 0.21860608730176467 0.273903278713046 
0.4375 1.140948807760497 0.22377472468489423 0.2853814508852226 
0.5625 1.1150549435447297 0.21173868032915488 0.26948942155737177 
0.6875 1.0886371275208437 0.20707356402140265 0.26359547018118934 
0.8125 1.0638592969741398 0.21160132954069277 0.28011919853905964 
0.9375 1.0542194811698025 0.20857429085431145 0.26955454705623527 
1.0625 1.0691528101928491 0.2041857464324165 0.2643146065089441 
1.1875 1.0614957142955994 0.196033112667106 0.2818787084560974 
1.3125 1.0720865718446722 0.21300740540653207 0.2723063405209396 
1.4375 1.0431242609400542 0.18100725406854712 0.29893689199026996 
1.5625 1.0998925900975496 0.21974751487955302 0.3001780531039189 
1.6875 1.0492147919223083 0.23492517431812465 0.45052774246789684 
1.8125 1.0756115798414734 0.19341310412418466 0.27438158808734503 
1.9375 1.1260934689044915 0.23986442699047428 0.4074529818488579 
2.0625 1.122621091606257 0.2609497391689103 0.3865738588182226 
2.1875 0.6504651514492626 0.07059572603214126 0.12477729925931713 
2.3125 1.2678661988843138 0.28563627141423087 0.5258902599375599 
2.4375 0.6006104320631891 0.04063674235847936 0.07666665499297709 
