1.0 1.2498163859791291 0.24458057309588987 0.26642273406385897 
3.0 1.237580096386424 0.22191135287085384 0.30703123396054544 
5.0 1.2092117702460774 0.21307689713631173 0.2590999347089944 
7.0 1.1297171366528165 0.19993748445417903 0.2440429177751975 
9.0 1.0583225878659346 0.17772872868446188 0.20678885420354098 
11.0 1.0432504046399018 0.15856370480665427 0.2048886531213825 
13.0 1.0099160354476229 0.16485835864239695 0.16740854970649832 
15.0 0.9320660188781456 0.13282676233700075 0.15940799075501033 
17.0 0.8645248919736146 0.11729801146454344 0.13466452085963676 
19.0 0.8286142122742453 0.09906999936334637 0.14013285241187812 
21.0 0.8337348895201343 0.0968831660742252 0.13919276094113453 
23.0 0.8638272428838366 0.14804277397353105 0.12249885269894656 
