0.0625 0.0 0.0 0.0 
0.1875 0.9194013300436734 0.08898739251654231 0.2215970567467711 
0.3125 0.9106412107672335 0.11457050131512092 0.12326988440270115 
0.4375 0.9535501014572965 0.14540610629264128 0.15561103399516973 
0.5625 1.0344009575863677 0.1618195781340267 0.18711930418447875 
0.6875 1.0687216636499721 0.1618853274535933 0.19810064861819532 
0.8125 1.0957410103753653 0.18849766221403141 0.22528254714919238 
0.9375 1.1055235476077592 0.1893159202996466 0.22001288004259023 
1.0625 1.099524795088736 0.20016655481525247 0.21923391984669727 
1.1875 1.0745819314805596 0.16324203388528946 0.2867022990022632 
1.3125 1.0873574921831328 0.18522827728638314 0.2828010117501567 
1.4375 1.1221653751572747 0.21376510673247273 0.3565995507582025 
1.5625 1.104622730538556 0.20443013339865135 0.26053705910899727 
1.6875 0.9820139209878744 0.1700414179684454 0.25483755310567013 
1.8125 1.0576776795004383 0.11491791010811125 0.13912336101867417 
1.9375 1.0528387449795191 0.21481359649318288 0.0847091030167113 
2.0625 0.9506360885826017 0.1281517945256767 0.25270799864593263 
2.1875 0.7306121804389514 0.08137300680086745 0.10785642525766603 
2.3125 1.244764539676038 0.04889501117978745 0.03141825652325503 
2.4375 0.6204721969706695 0.049048604755372094 0.07554047785868845 
