0.0625 1.2683678880739104 0.21729622356268297 0.2746419296611431 
0.1875 1.277055181895225 0.2153779765861512 0.28300338314303786 
0.3125 1.2633961181031952 0.2183131037478585 0.29798360383471545 
0.4375 1.2545303306375377 0.24933786566854388 0.29509920392150346 
0.5625 1.214926239994689 0.23445408419078095 0.24968100688186 
0.6875 1.145947789886279 0.2525720916865237 0.24285423063961664 
0.8125 1.0208061583968062 0.2342884683732248 0.32889281417793725 
0.9375 1.0698015706646622 0.18714761197391183 0.252197660193894 
1.0625 1.171350666855394 0.22104091396889236 0.4081848335972378 
1.1875 1.0556720772052408 0.1883024105897666 0.3167435608064326 
1.3125 1.219237466607702 0.3621351190083304 0.12773195113784386 
1.4375 1.4441532944357462 0.18893437879256858 0.11509022449970452 
1.5625 1.0998925900975496 0.2708604709237833 0.3142862009497931 
1.6875 1.0633988581081097 0.0 0.0 
1.8125 1.683248828227615 0.0 0.0 
1.9375 1.2262655226913197 0.042493678188679995 0.14863870195068118 
2.0625 0.0 0.0 0.0 
2.1875 0.6003752832578253 0.03127452731619673 0.031708283956069616 
2.3125 0.0 0.0 0.0 
2.4375 0.6061165004792901 0.025184844779735593 0.022873616838271382 
