1.0 1.1685699368267666 0.27588317606231305 0.2935144588167786 
3.0 1.0971949158853262 0.21573332211988017 0.2828754536008746 
5.0 1.1244826150035616 0.24184803926182297 0.2922458958114038 
7.0 1.1404596004044463 0.22305483723575126 0.31164620193556325 
9.0 1.1403396464511029 0.22542465194983607 0.3176804482018283 
11.0 1.0915324254683023 0.19530356682498373 0.261423370467331 
13.0 1.095102529315092 0.1983648613373965 0.2467829172859286 
15.0 1.0879098100992421 0.1803085434191053 0.274522014245387 
17.0 1.107093457128172 0.18398520915486505 0.22142585455201624 
19.0 1.0653513152751106 0.16147445651605064 0.21974403849827184 
21.0 1.0673841949493197 0.15124690946512853 0.18047954297949165 
23.0 0.9904294754035748 0.14853379387633048 0.15416721415567414 
