1.0 0.3887388334366384 0.22061294972800846 1.3080741322626015 
3.0 0.38812498163745135 0.22081980449999597 1.3079772229828945 
5.0 0.38689913370977713 0.22085730025871503 1.3079843983501063 
7.0 0.3856031931327774 0.2207418130692499 1.3081515866723938 
9.0 0.384757883686071 0.22095916242313363 1.308002957503568 
11.0 0.38300591368266257 0.2202988841869134 1.3088687261239773 
13.0 0.38069417747617673 0.2194338852637201 1.3103715230463981 
15.0 0.3715676125292615 0.2105238289623635 1.3185379212180943 
17.0 0.36852157418004283 0.20927290454170117 1.3205816660009866 
19.0 0.36816317445480273 0.2092315696767688 1.3204716787677735 
21.0 0.36628120303060646 0.2101004778474719 1.3209259389124486 
23.0 0.36497318838721376 0.20899126208936283 1.319764032262995 
