1.0 1.0426863975480751 0.20261866165300257 0.27995427407483353 
3.0 1.194227858913731 0.2318264206689924 0.3303536055274343 
5.0 1.1921845831783 0.23120155845072665 0.31816455052444637 
7.0 1.1672829785613696 0.21207409612984118 0.2616382841719982 
9.0 1.1634674123505695 0.19797965171624954 0.23263118712998487 
11.0 1.1462386529889443 0.1867678814540692 0.22731952186556104 
13.0 1.0745093863868935 0.17321848019135422 0.1942872560138904 
15.0 1.0183089944214025 0.15820213197532762 0.182976013985511 
17.0 0.9628425571172217 0.14154464487891727 0.18019995823442625 
19.0 0.9646190139072697 0.1306614233327228 0.17170328776264343 
21.0 0.970508709064356 0.15727550669770907 0.15538098190222582 
23.0 0.9273970116059072 0.11692722857356741 0.15561622956337606 
