0.0625 1.2267736704794392 0.2291760961234104 0.2763179978856445 
0.1875 1.225442543029176 0.21829020638612495 0.28540664169065955 
0.3125 1.2190246836435514 0.21273523713455256 0.2811421471228388 
0.4375 1.235627344493156 0.22300608509858577 0.2821656231830114 
0.5625 1.2470887008471152 0.230750919447682 0.2871609578126202 
0.6875 1.2194506388732784 0.22272413039836292 0.3328379127644254 
0.8125 1.2089816902551445 0.23800883622401736 0.34647457617423205 
0.9375 1.1575322108486885 0.20890047235472808 0.3632112513950341 
1.0625 1.092860550697997 0.21367577510828029 0.2533605034823423 
1.1875 1.097917150053537 0.23702420027725535 0.24693223805785913 
1.3125 1.1476744972837687 0.2609206030813864 0.2789999926057434 
1.4375 1.0370756710597873 0.14098447396140923 0.3417007027357106 
1.5625 1.1387865127892003 0.19954389410275397 0.23643254677708248 
1.6875 1.4383111896382579 0.3672666470894259 0.3393494333790963 
1.8125 1.19182350723991 0.2120650002888208 0.26397637182040623 
1.9375 1.5030565678432752 0.48996920821340373 0.13562962718889549 
2.0625 1.494433047253656 0.1403014994645917 0.22376487831041691 
2.1875 0.6020040379870897 0.04103894866596136 0.06365878393422564 
2.3125 1.8348752404461919 0.053770714431800704 0.053770714431800704 
2.4375 0.585946195562619 0.030204756126098076 0.03501344157367192 
