0.0625 0.0 0.0 0.0 
0.1875 0.8892518437684351 0.0 0.0 
0.3125 0.8002070527524436 0.06316372638840662 0.10025902219845906 
0.4375 0.8168102652106448 0.11438223325705921 0.1137978015786647 
0.5625 0.84490909338454 0.10818548263334915 0.15128716178531343 
0.6875 0.8896928638322306 0.13396499767950354 0.15476887114336946 
0.8125 0.9108646577511827 0.14509860203409108 0.17150861744734902 
0.9375 0.9244288716126521 0.14485320219935005 0.19079108209101592 
1.0625 0.9683582230321128 0.1622918673650119 0.22079924601448853 
1.1875 0.9898848660849636 0.16926415577408704 0.22112820797566124 
1.3125 1.0009552136077877 0.15829026587799944 0.2638206572690527 
1.4375 1.0400742473491944 0.1761394090474505 0.18683078907997697 
1.5625 1.023894392507421 0.2267659589231541 0.23199392289012022 
1.6875 1.0521114291036444 0.22606332517340022 0.2511537672979198 
1.8125 0.9961834478885345 0.14054926407585755 0.2123433872843974 
1.9375 0.9862534068535882 0.12182150611890752 0.3251019487632827 
2.0625 1.122621091606257 0.1936597312656969 0.16531018458666757 
2.1875 0.7269062720127616 0.10024856948363037 0.09839105557045236 
2.3125 0.8723641650105651 0.12824489084543467 0.12824489084543456 
2.4375 0.6847922682402678 0.06897657509914312 0.08774177383673132 
