1.0 0.40078103220038397 0.23229015916333628 1.2959164637339116 
3.0 0.3986966535937553 0.23108368418865569 1.2972621459934714 
5.0 0.3879692628818777 0.2215501578115214 1.306655496793549 
7.0 0.38682914439319377 0.22156421126276313 1.3065832311891599 
9.0 0.3861632633435513 0.2218809508521827 1.3061615928093622 
11.0 0.3846282643858072 0.22141908348998066 1.3068062247209489 
13.0 0.38332238256703494 0.22138676144085362 1.3071764646589257 
15.0 0.3816120657169147 0.22003822393569453 1.3078719209151475 
17.0 0.37068452367678084 0.21083503526869668 1.317649702287353 
19.0 0.37642994166593197 0.2167822113263159 1.3114841334882053 
21.0 0.3694646607590009 0.2121720987080433 1.3169221133141529 
23.0 0.36765388172703456 0.21097813997715337 1.3159209749358014 
