1.0 0.775225932816874 0.19057295695324838 0.22071468753766366 
3.0 0.8073297551235222 0.18441635101872222 0.2163717100429675 
5.0 0.8019102959978179 0.14581964649507717 0.17210704115830466 
7.0 0.7647884074037024 0.12748270540016315 0.14436106656262193 
9.0 0.726992161968954 0.13081741873083652 0.14881768542694762 
11.0 0.6794505615425857 0.12282492199131678 0.13853965908449928 
13.0 0.6320799965928297 0.0979008026243422 0.11555250310731813 
15.0 0.6035041376463772 0.09021379372210014 0.11157626803431553 
17.0 0.5806665014434637 0.08303501469206698 0.10294996430964976 
19.0 0.5776682389126883 0.07763239608785066 0.08526781054391097 
21.0 0.5723050279444867 0.08806540386047407 0.06985761254619471 
23.0 0.5568858007799191 0.0685322976556279 0.06617780435222298 
