0.0625 0.872360641951633 0.17636955986604363 0.2341889991117987 
0.1875 0.8646430896127795 0.1786229556098461 0.21364004376807788 
0.3125 0.8337146470958064 0.1834041097657566 0.20857228375195047 
0.4375 0.8162720847794189 0.16859117356471698 0.20315080931025054 
0.5625 0.7860407150056281 0.16889772590383034 0.19979381042193545 
0.6875 0.7589569150437094 0.17858031190040113 0.20485581108097128 
0.8125 0.712872830564616 0.19437806714101002 0.20832862360104676 
0.9375 0.6916033898055276 0.1977187942264429 0.21524090929769035 
1.0625 0.6319880127398853 0.16290448557736853 0.22610995484989482 
1.1875 0.6147332223881208 0.1752811900991753 0.22282520716502263 
1.3125 0.722473294576023 0.22744474502741602 0.2512570603040709 
1.4375 0.5358025729628135 0.1666323755098461 0.1887516296244175 
1.5625 0.5620259607602068 0.1233580197134696 0.21924802760510864 
1.6875 0.6944726266833301 0.19348856790380442 0.34792903052768986 
1.8125 0.4407676995740022 0.09097992110748704 0.09337073843852184 
1.9375 0.6866462665388591 0.09626869486340872 0.26554836824053485 
2.0625 0.5548978562485412 0.18254966314744797 0.3697408066453336 
2.1875 0.501251800674574 0.0 0.0 
2.3125 0.0 0.0 0.0 
2.4375 0.0 0.0 0.0 
