0.0625 0.0 0.0 0.0 
0.1875 0.600888394857999 0.11371847149546355 0.1324909082092759 
0.3125 0.6036413794385176 0.10943343830182134 0.12763497560530812 
0.4375 0.6269904475041841 0.10253601806652957 0.1356766789552888 
0.5625 0.6551148736917503 0.10937144723328096 0.13874388026019724 
0.6875 0.6823065799806692 0.10301354806457619 0.1321638085723802 
0.8125 0.7082870826614314 0.11400291700008469 0.14076109581413898 
0.9375 0.7438768081351192 0.1298818739249611 0.1348206157260683 
1.0625 0.7385899556090375 0.1067621553866347 0.1685967362441423 
1.1875 0.7429441669945702 0.1373982707956568 0.1614438794817099 
1.3125 0.7312000364110148 0.12593862607223727 0.18616724234988746 
1.4375 0.680528172725998 0.15684210980276847 0.15584785940331425 
1.5625 0.6486177865353149 0.14808402953151534 0.17994488491364324 
1.6875 0.6909331675623138 0.14776768227022974 0.1871214307093081 
1.8125 0.8646107746907088 0.2661827513118792 0.14909885165648173 
1.9375 0.8983554618734739 0.36312901168258804 0.16099126189718183 
2.0625 0.4887706202772278 0.0 0.0 
2.1875 0.6327800672269659 0.21679706066341675 0.21679706066341686 
2.3125 0.3284454114425479 0.009941846617005923 0.009941846617005923 
2.4375 0.0 0.0 0.0 
