0.0625 0.8702902878008123 0.22127109835425363 0.24437141579989752 
0.1875 0.8477805987710586 0.1931894489637933 0.22390707107071106 
0.3125 0.7908370315605225 0.1818771539124543 0.21560565239167728 
0.4375 0.7467497902119117 0.1673519998137064 0.194499126930045 
0.5625 0.7051497967583528 0.13957814182877515 0.1831045960403329 
0.6875 0.7027550057355747 0.13331134002167644 0.17177333587920185 
0.8125 0.7080683829192534 0.1470475877810975 0.1770979341757407 
0.9375 0.7083235226476748 0.16396325784128596 0.16652634273619604 
1.0625 0.7145043476546822 0.15664440490105247 0.19755379976042564 
1.1875 0.6539351694278693 0.19397341559088915 0.20067983537559075 
1.3125 0.6913629706685415 0.15401262083363632 0.21536480412894365 
1.4375 0.6019010087837153 0.15327268214285428 0.2562409616993544 
1.5625 0.5980904298507693 0.15917107793105778 0.2123868199643597 
1.6875 0.7081075060428685 0.18963475725901136 0.2341560255390136 
1.8125 0.5172961504552503 0.12086506884165393 0.269070893366969 
1.9375 0.6866462665388591 0.2469613013428964 0.21226360590763504 
2.0625 0.5474520337860145 0.16783495591722786 0.3648354181734619 
2.1875 0.5260170037036352 0.07944971363874614 0.24980184250178128 
2.3125 0.3450413114189127 0.017180714483247483 0.2749813552256004 
2.4375 0.0 0.0 0.0 
