1.0 0.8468155388036194 0.27561655740760027 0.30152410869323587 
3.0 0.8669597178971346 0.1817232683942024 0.21797758623524943 
5.0 0.8017805343270249 0.1501420932646783 0.17444794971514577 
7.0 0.718781328082102 0.11736530150860813 0.14924705689343343 
9.0 0.6831081428976031 0.09046006026855469 0.12566930406508958 
11.0 0.600888394857999 0.09513971507155305 0.13212018992698493 
13.0 0.5323272477944019 0.06958575012880008 0.1282046514872417 
15.0 0.5598893614383573 0.09658838424268196 0.05846819193369812 
17.0 0.47440539944598786 0.0125657943978556 0.06737555110791565 
19.0 0.0 0.0 0.0 
21.0 0.0 0.0 0.0 
23.0 0.0 0.0 0.0 
