1.0 0.6531083459993959 0.18996520967069508 0.2320228270992566 
3.0 0.7032749109748453 0.19774952499115928 0.22065852952922294 
5.0 0.7708228159235023 0.1488134592779995 0.1894079696963724 
7.0 0.7805430532469204 0.1351675485518019 0.15581728938623984 
9.0 0.7636632411109942 0.13675826125163015 0.15219662757334973 
11.0 0.7315434431130512 0.12611266874026583 0.14248851559888576 
13.0 0.706531061062856 0.11306008289386082 0.13043078141780295 
15.0 0.6869304593647296 0.09807763561385074 0.1278623303227573 
17.0 0.6756291294949051 0.10649204934351564 0.10971701566428538 
19.0 0.649850245511881 0.0950784580378482 0.10131263413199953 
21.0 0.6197950047968696 0.09725783706583113 0.10184077624917176 
23.0 0.6020804708604025 0.0778387173787316 0.09891625342242227 
