1.0 0.6878497920871192 0.2528292349553722 0.22877870843630643 
3.0 0.5172961504552503 0.1556947084591121 0.17041043312280169 
5.0 0.48777045138455033 0.11221918152205612 0.2001050799897085 
7.0 0.5508667073506356 0.09733402866677815 0.29255375993072474 
9.0 0.475499991349298 0.12954921308710438 0.07035551193369483 
11.0 0.8290467415945076 0.42560002540896685 0.11389895935378591 
13.0 0.6464337166758898 0.19263225947768897 0.3600595978144827 
15.0 0.8625919498502304 0.3207815340565352 0.10919129508466907 
17.0 0.6719391226643074 0.1303933783228738 0.10164781643233745 
19.0 0.7329056987709193 0.05540167022139075 0.055401670221390864 
21.0 0.5849311911779684 0.03649915768814904 0.14104027894958815 
23.0 0.6711334457509437 0.026858219959732144 0.2587053213333733 
