0.0625 0.8698173009774732 0.2313566123282691 0.2470139079906961 
0.1875 0.8459986705078524 0.2067493401248821 0.23084187672686296 
0.3125 0.8079894946818051 0.20487072543435425 0.22448446574090863 
0.4375 0.7913713754358856 0.1822577996068543 0.22002408416121122 
0.5625 0.7486403252416347 0.18646691818320282 0.1876168137967804 
0.6875 0.7023852628196419 0.16787029784690188 0.1810412970673514 
0.8125 0.6523644509181599 0.1990236577041204 0.27587341801506393 
0.9375 0.5985089021240213 0.1529943060139931 0.19967506978051264 
1.0625 0.7775350724141668 0.23467417062566243 0.22068668787343426 
1.1875 0.4759195437409328 0.103386485075384 0.20101086439703053 
1.3125 0.6815353926809133 0.14820259568010552 0.18347046848751758 
1.4375 0.5954391144592899 0.1997515344474809 0.35438975644684934 
1.5625 0.49573590239268983 0.11626225268996054 0.1296015161346895 
1.6875 0.8171775788966932 0.11784589887800667 0.14099355100038014 
1.8125 0.5505614430746818 0.16067699972002686 0.0981146833897234 
1.9375 0.7122875426319918 0.28176879042861946 0.10743272377956303 
2.0625 0.9889985177892561 0.0 0.0 
2.1875 0.0 0.0 0.0 
2.3125 0.0 0.0 0.0 
2.4375 0.0 0.0 0.0 
