0.0625 0.0 0.0 0.0 
0.1875 0.0 0.0 0.0 
0.3125 0.5246808672611972 0.0626935507789137 0.058811988547620375 
0.4375 0.535912837052978 0.06155164249269063 0.07909337814644324 
0.5625 0.5784654662863429 0.07505373675991311 0.09080854393404691 
0.6875 0.6156035513240181 0.09253993534843052 0.10107883797386852 
0.8125 0.6463331486149668 0.09889654684000859 0.10827425322934014 
0.9375 0.6797688463396175 0.115669865146939 0.12301410362210152 
1.0625 0.6652878635236891 0.09918600871111038 0.1465797552796535 
1.1875 0.687704384226554 0.11031727622425236 0.11712598149844189 
1.3125 0.6707173849588147 0.10858412230558623 0.17360841767596147 
1.4375 0.6329997470205722 0.0773307850614876 0.13635146164482081 
1.5625 0.6681938631287909 0.16213281746946562 0.16453185858716357 
1.6875 0.6544203193779508 0.10113234416489936 0.09195127966039762 
1.8125 0.7397168800458088 0.09541099843148315 0.0634023575774475 
1.9375 0.5727517317306474 0.13907756706109142 0.28906775238302285 
2.0625 0.637168711410263 0.09563412955556694 0.18116912692695541 
2.1875 0.0 0.0 0.0 
2.3125 0.8720280370334079 0.0 0.0 
2.4375 0.0 0.0 0.0 
