0.0625 0.7381117652640653 0.026627395769503237 0.1126806428620466 
0.1875 0.7395260982601216 0.1271274103245098 0.16392469671982568 
0.3125 0.7404972050466246 0.12928273654445666 0.1445084528330428 
0.4375 0.751803149043154 0.12701526722775203 0.14335297107683576 
0.5625 0.7614587876256338 0.13579708752768416 0.15162737345511568 
0.6875 0.7756327897252412 0.13537142577415406 0.15725712208306641 
0.8125 0.7784255874662771 0.13222780998294148 0.1579241266999708 
0.9375 0.7601920764079789 0.1385569688060424 0.1848675635716479 
1.0625 0.7325038162278745 0.132312906020577 0.1867835479084794 
1.1875 0.7332643888697912 0.15318363878097252 0.19064680500178632 
1.3125 0.6618854080722816 0.104046165685314 0.19654353252776202 
1.4375 0.6856180703224557 0.1803995845349795 0.21371769512869065 
1.5625 0.7047292474638049 0.20975525514631638 0.27009768477933527 
1.6875 0.485803154563763 0.08844472281651306 0.20670131868511965 
1.8125 0.5067713042376305 0.10360638692409718 0.12451777479870396 
1.9375 0.5669941702515875 0.1704127114491908 0.31299254618202466 
2.0625 0.5058427041002187 0.1342986475915272 0.05840818379062118 
2.1875 0.5822777925585687 0.09470150063700389 0.12383795060933933 
2.3125 0.34701684872320987 0.0 0.0 
2.4375 0.0 0.0 0.0 
