1.0 0.8340751970095475 0.2694498801945817 0.29968175870410585 
3.0 0.8148299686821867 0.20497498557024807 0.22399812688370946 
5.0 0.788692314374436 0.15243809253687557 0.17831742126376504 
7.0 0.7611713222842601 0.13154169811129612 0.1510190772023121 
9.0 0.7344863070814805 0.13447553991009853 0.15550813904899607 
11.0 0.7011918296011319 0.1299282189900497 0.14281941316156888 
13.0 0.6654977127290024 0.1120244569308867 0.13781909566358708 
15.0 0.6445307324945031 0.10360251734147019 0.13816395014280047 
17.0 0.6281245045248385 0.10419649048717561 0.12258421576652356 
19.0 0.6187181405001051 0.09584717132704379 0.11188223992458712 
21.0 0.5946825126213803 0.08787927534776263 0.10777347237987955 
23.0 0.5843841547613149 0.07885507533422031 0.10427706627509625 
