1.0 0.6458783520647847 0.21585612563448514 0.28151764559338077 
3.0 0.6193581632017506 0.17561312010023983 0.24752300628031076 
5.0 0.6722397400213243 0.15016755674913518 0.20473626537575518 
7.0 0.72218750345467 0.15442213964708495 0.1966141904411126 
9.0 0.722774645998039 0.1337277359511272 0.20688323991210278 
11.0 0.7340286666582382 0.12222093796783096 0.16577097530100526 
13.0 0.7331150529406577 0.12815153593586348 0.1645737600738585 
15.0 0.7009486494233248 0.11860862645031378 0.18789443685503038 
17.0 0.6899776896137995 0.09345333250152321 0.12900712358715005 
19.0 0.6846828533840783 0.10818408266406343 0.14640538016779803 
21.0 0.621450359513148 0.06312612922083338 0.1295199796123403 
23.0 0.6269253287635678 0.0933277207848966 0.1984889114002003 
