1440
3072
23632
15440
18612
19280
928
3268
7504
2946
2456
1290
4816
106544
31904
9232
5712
5936
1808
10336
62776
14628
16480
54608
496
111440
1936
54800
3088
903696
3904
92368
57776
7520
67344
13114
82608
43120
51808
8544
39504
91824
5952
17104
88672
15808
20904
22864
6640
74560
430736
16288
3562
39232
122224
22656
7488
11748
10848
35344
6160
2064
7184
3088
2064
30736
2064
2064
15376
61456
30736
30736
30736
30736
30736
7400
53184
11952
4206
29856
8492
44112
23936
65440
49008
46272
15988
7528
18112
25352
93280
12456
521002
427648
19744
64960
20292
59824
12010
121504
3604
24042
9304
15930
34968
3616
5424
23632
7712
15904
12880
8224
9776
10320
5680
7712
7712
7712
7712
7712
53872
61648
8304
6176
11376
22112
7456
13456
3024
15936
10368
11136
23248
19104
59984
4112
50144
33912
14952
55736
13312
2062
9072
34200
1556
24848
122096
11792
1660448
9216
1552
13680
1612
13232
16738
14916
4320
27736
5564
37540
62640
213936
8528
42064
3610
10864
30784
3120
4032
4656
21088
72784
3728
19552
6896
7248
26736
32832
37968
63552
