0.0625 0.0 0.0 0.0 
0.1875 2.665032184585336 0.2765209765367427 0.32945200935894725 
0.3125 2.669752244398611 0.31798293941576006 0.32304819473991797 
0.4375 2.764311925025973 0.30061389530552374 0.32255852089123005 
0.5625 2.8100651988832466 0.34150018587768516 0.366589853601587 
0.6875 2.9166281777950687 0.3843814513306656 0.41889812356696776 
0.8125 3.0732379497201423 0.4666908494994315 0.4063842337881658 
0.9375 3.2151268633175034 0.39205079648377383 0.41977703927079224 
1.0625 3.4509603024949986 0.4239466834295853 0.5312439269456886 
1.1875 3.7412444546526737 0.4498431610517919 0.4224531157168867 
1.3125 4.004027495701569 0.6021031397678231 0.5710990461966512 
1.4375 4.57669562304403 0.8147795415728876 0.5894302381602818 
1.5625 4.6129321640879875 0.43535358867058704 0.28286613710003916 
1.6875 4.88084279619672 0.5999527604336272 0.5355021463230747 
1.8125 5.380841141252895 0.3716177807872443 0.6678853902955293 
1.9375 6.34731288217189 0.4379261036550419 0.2834242101695281 
2.0625 5.776823305042389 0.0 0.0 
2.1875 5.748731884986475 0.24266250563565883 0.24266250563565972 
2.3125 7.2024494165121205 0.2724714721908317 0.2724714721908308 
2.4375 0.0 0.0 0.0 
