1.0 4.866951597155294 1.2060071252058493 1.6787657642726979 
3.0 4.154635495476605 0.9849105307781971 1.3270135369627312 
5.0 3.4189859936783282 0.649781403308066 1.0444664601627052 
7.0 3.144703436079765 0.4954057895181485 0.7152242294415743 
9.0 3.040812356360699 0.46804446435978564 0.5719248937870929 
11.0 2.965842493745614 0.41592693753524745 0.51919379213001 
13.0 2.912994884785226 0.3963730995775898 0.5073191825936063 
15.0 2.8961824374388367 0.3918800051261089 0.48581612481135705 
17.0 2.859152940098212 0.373155827920995 0.4147515014194951 
19.0 2.8398891192961564 0.33405069788309794 0.39340461390834625 
21.0 2.8092700969473903 0.30725116513212836 0.3938377111765883 
23.0 2.787813950787711 0.3241942863223519 0.3623990330306093 
