0.0625 3.6362731389562155 0.7061827369001117 1.0013494755875278 
0.1875 3.7177498865576557 0.782907026154176 1.0115825235926077 
0.3125 3.8435324949779415 0.8525012898679774 0.9884633652587262 
0.4375 3.850273732603619 0.8135753186593764 1.1011874168169564 
0.5625 3.977119165260561 0.894077461222174 1.1282869348424578 
0.6875 4.291329275083574 0.8850820628778027 1.2338378110502388 
0.8125 4.880567230053202 1.0592236360128946 1.0839408238680672 
0.9375 5.280947799854632 0.9862966713325205 0.9925075157943057 
1.0625 5.638769342753284 1.0015612567377614 0.9269326254656347 
1.1875 5.9662843456659544 1.0060411458898733 0.8314300752872086 
1.3125 6.268643418190926 0.7514407823817733 0.8660355052105757 
1.4375 6.508836536624833 0.8734995576213427 0.6518632030147815 
1.5625 6.64108962410465 0.5617161914702073 0.8402937848308882 
1.6875 6.845620347551709 0.5456845224470328 0.5394533476903369 
1.8125 7.122675963017185 0.796939974884074 0.6710763428534978 
1.9375 6.971917373458723 0.45890593854987927 0.984967627028567 
2.0625 7.300176336409017 0.43633630738175455 0.311510611358214 
2.1875 8.148705960604463 0.0 0.0 
2.3125 0.0 0.0 0.0 
2.4375 0.0 0.0 0.0 
