0.0625 4.3281562575758405 1.0196476380598751 1.4005068141212798 
0.1875 4.4719138980060755 0.9775085834324848 1.2363646810915023 
0.3125 4.658721158469524 1.0150379918262487 1.2635866871003207 
0.4375 4.867035301831138 1.0159047921947915 1.173198659166851 
0.5625 5.062049605174737 1.0677841635303538 1.128975794338393 
0.6875 6.375162514957504 1.278547798597371 0.9758617433255559 
0.8125 6.469996300872941 0.9666740272678016 1.0380591121241736 
0.9375 6.5817353900071645 0.8880369837907809 0.8292329921152444 
1.0625 6.925178927726425 0.7638953528624493 0.7554322599394769 
1.1875 6.921717856743524 0.5472997451730377 0.8892877075861421 
1.3125 6.9188038504018134 0.5159898650964294 0.8150401162769274 
1.4375 7.175154944593045 0.6323462940015796 0.7338159189316835 
1.5625 7.326607927702534 0.7087306141087337 0.6394972290470653 
1.6875 7.274887023709393 0.49303923965855123 0.8213250158054546 
1.8125 7.352400144788501 0.6924123528470316 0.8319047243014026 
1.9375 7.264542265188787 0.4155204130012278 0.6919028901772419 
2.0625 7.51209752750582 0.0 0.0 
2.1875 0.0 0.0 0.0 
2.3125 0.0 0.0 0.0 
2.4375 0.0 0.0 0.0 
