0.0625 4.21520115118979 0.9980335699340968 1.3515046545631648 
0.1875 4.06336419755269 0.9808517073176333 1.252049974370478 
0.3125 3.7585891741581783 0.9686807834705231 1.320502746358276 
0.4375 3.267847294527349 0.6444650140295574 1.4551558130918538 
0.5625 3.050350296119299 0.4750992911646823 1.0977765759210665 
0.6875 3.1737784650194643 0.532253247328693 1.6638819226099208 
0.8125 3.399136101601211 0.6243209001950101 2.2413550596340355 
0.9375 3.7269545301460085 0.7867977546542368 2.432756743721239 
1.0625 4.201956951032308 1.0260387950992622 2.433510992821615 
1.1875 4.948928564728691 1.3982347194755715 1.8858012092069663 
1.3125 5.558796492814475 1.7802249069937828 1.4505009057777345 
1.4375 5.921628863301436 1.6283185405488254 1.3034930887357552 
1.5625 6.110463819143426 1.6206865185973376 1.3725639614108598 
1.6875 6.443410513380564 1.6492105957917769 0.8813336450469507 
1.8125 6.674181141800224 1.17623682967192 0.9531408570086599 
1.9375 6.703705467854801 0.705536891568614 0.7861312103348732 
2.0625 6.874001775497512 1.0591323030514275 0.6519628543023179 
2.1875 6.673356107626429 0.5963161267799446 0.8335990290924684 
2.3125 6.882538553601551 0.046901360384731916 0.37960865781172437 
2.4375 0.0 0.0 0.0 
