0.0625 0.0 0.0 0.0 
0.1875 0.0 0.0 0.0 
0.3125 2.6374250435848996 0.2344914926428423 0.21550682006853616 
0.4375 2.662095708257401 0.2618334910321618 0.28054454253587746 
0.5625 2.7242009116575816 0.3094519879290689 0.28634274730591036 
0.6875 2.797369068942431 0.32114865693303507 0.33958246925676594 
0.8125 2.8972772255077235 0.3809548710995925 0.37697922484762625 
0.9375 3.0122422437101877 0.46535648108727834 0.3775969673371238 
1.0625 3.1320958649442 0.39640371510020334 0.4581443306807116 
1.1875 3.431118349920787 0.5680931788768437 0.5243303051744714 
1.3125 3.454325225775685 0.4726005303232199 0.611574960514579 
1.4375 4.000021053089505 0.5672267011773315 0.5440097872152778 
1.5625 4.200953074554338 0.45180704416569517 0.3737926683601698 
1.6875 4.436830579569503 0.5880686337223064 0.6668686209455803 
1.8125 4.8202206867244115 0.3301134114166846 0.41018382087747085 
1.9375 5.671377015068799 0.38410952036587265 0.45049459715190565 
2.0625 5.537838799160323 0.3810898142581278 0.2988967682160357 
2.1875 0.0 0.0 0.0 
2.3125 6.872341737892105 0.0 0.0 
2.4375 0.0 0.0 0.0 
