0.0625 3.2134518418998894 0.5967576048565935 0.4369000804453047 
0.1875 2.8684072490277073 0.38011058910278095 0.4321668748669554 
0.3125 2.8918069735406053 0.38911835633075587 0.42694966848298144 
0.4375 2.948788775915643 0.4232458663578633 0.5226445983924264 
0.5625 3.060802958241852 0.44463607068603883 0.5215338504040177 
0.6875 3.181262726388413 0.47392858730671517 0.5850015061765772 
0.8125 3.378486826931317 0.5266407734628862 0.5795641259640107 
0.9375 3.596726904871634 0.5588361563711488 0.7630885368564106 
1.0625 3.881989200476406 0.6332207196917641 0.7323354751282753 
1.1875 4.1728417898387935 0.5829617612430043 0.9199287372571101 
1.3125 4.540961972840041 0.5563112952279687 0.8451948999920766 
1.4375 4.936353927280612 0.6105239872651076 0.7407571663679651 
1.5625 5.326018174874338 0.6029262341013304 0.7417708611946017 
1.6875 5.985287704257494 0.697725073139126 0.3377473471864709 
1.8125 6.4326215431657605 0.6349398289964778 0.47763238605759106 
1.9375 6.675874985997595 0.4458183948168939 0.558733878243002 
2.0625 6.866203078662024 0.6265589321722693 0.25329165619129856 
2.1875 6.906813350481919 0.34448914237782446 0.410228604229677 
2.3125 6.892735369310996 0.0 0.0 
2.4375 0.0 0.0 0.0 
