1.0 6.514549296139455 0.9831786091150221 0.9438404259928905 
3.0 5.112470045518629 1.017730886091945 1.0505753976138674 
5.0 3.8756471907768457 0.7105820799626148 1.007707818215076 
7.0 3.4308340362672487 0.5196810840259132 0.6832209780338268 
9.0 3.268540719961328 0.5197590697298309 0.5190124119730557 
11.0 3.145201337147015 0.43339621523215976 0.4215754122657307 
13.0 3.0453508308434145 0.43792433160488775 0.43974224913313975 
15.0 3.0227261515056956 0.4292603593648394 0.4030506165392853 
17.0 2.9504409550821253 0.4263577043164184 0.35836384813883226 
19.0 2.881684151641624 0.34148907120909655 0.33841968788667076 
21.0 2.875626696620884 0.3672189038074456 0.3276022788741404 
23.0 2.791914256422018 0.29399087332520857 0.3506066994668702 
