1.0 4.796607347031864 1.172810958780643 1.6248931528426462 
3.0 3.780337300503308 0.7885143218658368 0.9963898834425402 
5.0 3.1129875551555153 0.4847616264386154 0.7600704265804601 
7.0 2.794407090316936 0.2823771063649265 0.3896836146876863 
9.0 2.7372929233126353 0.35317621951616873 0.35451624814255567 
11.0 2.711156193517593 0.34044499832623076 0.43956925117140244 
13.0 2.5367356476882024 0.2657150956085714 0.3014475653246689 
15.0 2.594154198292749 0.17931522418177348 0.0786128835429416 
17.0 2.563406546015638 0.09424808539669094 0.1423600630434425 
19.0 0.0 0.0 0.0 
21.0 0.0 0.0 0.0 
23.0 0.0 0.0 0.0 
