1.0 7.278242685127361 0.5415462415127843 0.7209181028664053 
3.0 7.053135257997518 0.5720687590793139 0.7611618717994926 
5.0 6.7161794146110925 0.7107689611271732 0.8115168421715397 
7.0 6.573992060289296 0.6404643836647734 0.4112577575748686 
9.0 6.674615546812012 1.226242554627997 0.26572032901475495 
11.0 5.80133126655668 0.6882349034675279 0.7554319308179585 
13.0 6.104579308505147 1.0481730063995833 0.32853435716733514 
15.0 5.349340248571064 1.1686267586595696 0.5171879739602865 
17.0 5.307686180769737 0.30783778453903565 0.5603693218852381 
19.0 5.082828911590938 0.17857359290923824 0.17857359290923824 
21.0 5.374399574704 0.9336368100267061 0.39186357835978036 
23.0 4.61846442713033 0.20428952535580258 0.6499975634709587 
