1.0 6.996212154905185 0.6337929874064709 0.8061758392163991 
3.0 6.184114181457239 0.9203680109086214 0.832100579981863 
5.0 4.986376020360982 0.8081709911395114 1.0642966177697595 
7.0 4.414191237029912 0.8431010907621972 0.9322190439308571 
9.0 3.9185586130423724 0.6109199598610671 0.7222071320398742 
11.0 3.7253776284421076 0.5036263197953126 0.7693269596771342 
13.0 3.625830556927534 0.47202295246005743 0.8072136032976784 
15.0 3.52109216701344 0.4734438722385228 0.6627922592958608 
17.0 3.4940693507348297 0.47739976560478947 0.6530790289224258 
19.0 3.2807441943329083 0.4532954590910765 0.5592722323730692 
21.0 3.2770503325207714 0.4360396581493009 0.516526227190961 
23.0 3.1348751018213594 0.44508131266239426 0.6467352628349747 
