1.0 4.951736075598722 1.0940306225444827 1.3359449511549242 
3.0 4.100866784298127 0.8930868989385314 1.0792378211470588 
5.0 3.3103155581541106 0.5933483971117566 0.7855986279749958 
7.0 3.026702806254177 0.4285509044791582 0.5209953834718308 
9.0 2.9136199297003182 0.4027245018576515 0.4287018889621721 
11.0 2.8314780231368006 0.34183174333810484 0.3851009146047297 
13.0 2.774774175364046 0.32682616352161675 0.3552661595079427 
15.0 2.7577721071145214 0.32962312205239774 0.34434974190232737 
17.0 2.73425716799977 0.3006332645947314 0.30433089057901874 
19.0 2.7150038652330477 0.2829963441636676 0.2817860680210509 
21.0 2.707192202147805 0.23832815423096987 0.2611347750077124 
23.0 2.7005374980340964 0.31392386147215046 0.2242372223267992 
