0.0625 0.8700506638142752 0.0735076867954374 0.1182744602339123 
0.1875 0.8014017327435785 0.14808101373678162 0.15413331835497823 
0.3125 0.8042642887324982 0.1439528226955863 0.15769465079968215 
0.4375 0.8176848254613326 0.14233908337477164 0.1618117311573416 
0.5625 0.8307614330582198 0.1553034349209067 0.17685533270012233 
0.6875 0.8463128999569786 0.15088977514783886 0.18255406684791808 
0.8125 0.859164386504442 0.15754378899969002 0.19727104428782427 
0.9375 0.8318287596036973 0.14964149135230065 0.23692225266499323 
1.0625 0.8084665221241165 0.14065921351948096 0.21706207477541417 
1.1875 0.8713008826998624 0.20092101167338805 0.21282202978733922 
1.3125 0.8532148510625517 0.21781503052070772 0.25776813495554296 
1.4375 0.83236940694559 0.1887124288563503 0.3081577103079287 
1.5625 0.8073071553738 0.19330643645687617 0.3247766951488318 
1.6875 0.7730224820708936 0.254177957237557 0.2253773717061116 
1.8125 0.600052919604688 0.11306017020084252 0.1726887593655605 
1.9375 0.5762334754467199 0.0903003439625123 0.2703798739386588 
2.0625 0.46045883948800426 0.05714599200258852 0.04168214348751209 
2.1875 0.5639950211305664 0.05384881444271061 0.020517738881584147 
2.3125 0.37156562984542607 0.0 0.0 
2.4375 0.0 0.0 0.0 
