1.0 0.6847612618925636 0.20434176067424203 0.21640117995660202 
3.0 0.7049117278820171 0.2082563178686137 0.2746897312765487 
5.0 0.8073783515073651 0.20532258978366202 0.2393161178797787 
7.0 0.8332582181800162 0.1719278724444152 0.25796585447286835 
9.0 0.841191316365695 0.1783331340585258 0.22377181603146967 
11.0 0.8475531784090964 0.15608000346597906 0.21496598168792413 
13.0 0.840810705356672 0.1558747476391693 0.18148809577328406 
15.0 0.7882247317792381 0.12811170593504417 0.2239587301248096 
17.0 0.75573199124185 0.1090965001180132 0.18156357523595257 
19.0 0.7720094016486627 0.1508525094643176 0.15444844681382852 
21.0 0.6710335062941789 0.11324207003060327 0.14781984361719802 
23.0 0.681903292791979 0.12095818123934898 0.1947450739241613 
