0.0625 0.0 0.0 0.0 
0.1875 0.0 0.0 0.0 
0.3125 0.5561774176292043 0.05470834049086393 0.07641639016164747 
0.4375 0.5910268710406649 0.08168304854664765 0.09143995640700098 
0.5625 0.6449659768582979 0.09414824538943734 0.10095011519981933 
0.6875 0.6787031193866356 0.09821425590830868 0.11902232225760345 
0.8125 0.7288241846229363 0.12297667568393078 0.12609859180112637 
0.9375 0.7387720719082862 0.13647574104767368 0.1675931737474171 
1.0625 0.7367673593553306 0.12886656700024257 0.1624919057010863 
1.1875 0.7238049912192239 0.13632174027913124 0.16723009134295008 
1.3125 0.7463048661958614 0.10928059390139089 0.12293964059774287 
1.4375 0.6975391579991721 0.10456742838565902 0.29378550058671815 
1.5625 0.7411535329315155 0.15099344968051143 0.16037676205679918 
1.6875 0.8924528131844494 0.18559167532688503 0.3766905306929693 
1.8125 0.9812050537870748 0.029902894386568235 0.033222533090392914 
1.9375 0.8044607362111325 0.22960768499932238 0.30628661435964655 
2.0625 0.8291118579801553 0.1923903871389031 0.1211591068356721 
2.1875 0.0 0.0 0.0 
2.3125 1.2737653219584697 0.0 0.0 
2.4375 0.0 0.0 0.0 
