0.0625 0.0 0.0 0.0 
0.1875 0.6785868655437982 0.14065650634744142 0.1309698506828728 
0.3125 0.6329684628027956 0.10894503363298369 0.16668250879151636 
0.4375 0.6722799407068949 0.10913409792017181 0.16564857880838424 
0.5625 0.7086265105716645 0.12491566498590467 0.14006787796668074 
0.6875 0.7334244841186123 0.11740714611999137 0.15377651963360073 
0.8125 0.7643278425512638 0.12996983783391958 0.1673384805187802 
0.9375 0.801553375348721 0.13291176875010535 0.18871899140640924 
1.0625 0.8184212431322745 0.13211592220576007 0.19487197567461456 
1.1875 0.906020951656219 0.18541150559255337 0.18777439914810778 
1.3125 0.8682131009679681 0.18118074675936036 0.20444725127200325 
1.4375 0.802899732958465 0.16281447504643254 0.26754191422172513 
1.5625 0.8728593257200266 0.16429476464802828 0.12432620340805389 
1.6875 0.914313709924051 0.3098849100153619 0.2538466445836287 
1.8125 0.9865308361989474 0.28250315902551537 0.25185130059444616 
1.9375 0.7067938103409903 0.24776865003890042 0.37757320086571267 
2.0625 0.4774643414123562 0.0 0.0 
2.1875 0.6798168766079082 0.10591155158776866 0.10591155158776877 
2.3125 0.35125328524344335 0.018420136182534186 0.018420136182534186 
2.4375 0.0 0.0 0.0 
