1.0 0.8794760576058605 0.21057134785806497 0.26173484857579643 
3.0 0.9030828951967138 0.18837414318566537 0.2488165762508805 
5.0 0.867755835596921 0.15803843523060945 0.18985678849153542 
7.0 0.8336172353286772 0.14315248189030483 0.1604522948483601 
9.0 0.7972028574410667 0.15088551217124413 0.1733905024083997 
11.0 0.7349368722022027 0.14248590356265278 0.16228505642004165 
13.0 0.678188638060425 0.10827092622441548 0.12632811558756607 
15.0 0.6522718477783905 0.09483264177243433 0.11712636171590052 
17.0 0.6480116996886248 0.10094264139994436 0.11249612064745262 
19.0 0.6380549992061056 0.09370554703072365 0.09260222007565144 
21.0 0.6468179990880224 0.08784861390404397 0.09978389148787281 
23.0 0.6208237368068626 0.07886620581953774 0.07446625153871678 
