1.0 0.7816581044198505 0.2989525306675841 0.14244356629612376 
3.0 0.5741153453150243 0.15230046159271204 0.1979992738176981 
5.0 0.5546291979555543 0.09292776838459038 0.26559985048606893 
7.0 0.5827462192416107 0.13893223409114197 0.17937105931558195 
9.0 0.5468726992001018 0.08821145020497162 0.2692116962996849 
11.0 0.6753278423372007 0.18488089644743883 0.6516319640221 
13.0 0.7347400833344937 0.2583247690603695 0.3019084515707424 
15.0 1.0451861091453458 0.24064772320883754 0.15312258863720984 
17.0 0.9864872484154228 0.32674228105346514 0.2858491849420213 
19.0 1.0258160170028645 0.04363769732382905 0.04363769732382927 
21.0 0.7907261005851165 0.2499824905291479 0.3599798191701691 
23.0 1.033620171011385 0.05764606709088915 0.10890892010979858 
