1.0 0.9481168822511081 0.2822735238977828 0.3152786986873881 
3.0 0.9081382357048526 0.21031840525231482 0.2513339431177499 
5.0 0.8644378326119169 0.16568936880895124 0.19574311577634873 
7.0 0.8372646038934497 0.15027505021235532 0.17541221082842995 
9.0 0.8062741266261759 0.15044206958555417 0.1774154730163563 
11.0 0.7557093650979991 0.14357662551151662 0.17538502806219458 
13.0 0.7171718496037418 0.12328633276666279 0.1619495042067962 
15.0 0.7037020216048295 0.11406811789242222 0.15590461227673313 
17.0 0.6969694470578445 0.11944680624067883 0.1383349437639495 
19.0 0.6796108867127167 0.10230692533704655 0.1438276292308015 
21.0 0.6654932079104402 0.09572342946484991 0.12103314463624504 
23.0 0.6416234261214304 0.09133110457926996 0.1307111502427586 
