0.0625 0.9695952061297918 0.23182429588924502 0.26939237255949766 
0.1875 0.9608396126500192 0.22119687720666104 0.24604080983121368 
0.3125 0.9208323379088283 0.22174797429863125 0.25152643760271154 
0.4375 0.8915844899713087 0.19515862081906843 0.250460653399056 
0.5625 0.8694297527625938 0.21354530265426164 0.2769342662443943 
0.6875 0.7526939415545948 0.1812739123203817 0.22625211278867596 
0.8125 0.751629834581837 0.21292081032039534 0.23482466280744296 
0.9375 0.6587547914178529 0.176501561504248 0.2451397066709161 
1.0625 0.7939095128799832 0.1993419776522446 0.1627075078528869 
1.1875 0.564607882254761 0.13857980988294744 0.21011674993327523 
1.3125 0.684286589510865 0.18412526186614064 0.15098931951439643 
1.4375 0.6465438340988605 0.2067705347270985 0.2729568948791612 
1.5625 0.5471778853375888 0.12857225268246403 0.12684046260539872 
1.6875 0.8123324356643068 0.10244363829250225 0.1781616596416672 
1.8125 0.535592735093982 0.08788949967596132 0.2790787880705742 
1.9375 0.7816581044198505 0.29503772215304036 0.11625759150855774 
2.0625 0.8993953912127891 0.0 0.0 
2.1875 0.0 0.0 0.0 
2.3125 0.0 0.0 0.0 
2.4375 0.0 0.0 0.0 
