1.0 0.7264396409875727 0.19882343233138067 0.23387796911641123 
3.0 0.8074382025020276 0.21710556965441608 0.269813457803011 
5.0 0.8649487559197399 0.17096715791768868 0.22912953189689966 
7.0 0.8653728917131228 0.16081150771331743 0.20162152243122 
9.0 0.8212292804535908 0.13772555018604848 0.19928673852041423 
11.0 0.7793210389066937 0.12965429032751952 0.1709904661848346 
13.0 0.7533171653816887 0.12047103736397313 0.1713604126785626 
15.0 0.758925275871782 0.12414898639286576 0.16033556171394203 
17.0 0.7435806621164202 0.11515606166495729 0.13492862307243403 
19.0 0.7218027016178952 0.1153600946587261 0.1344191003295312 
21.0 0.6904164279985787 0.10406470533741286 0.1246922656902878 
23.0 0.6513101221589238 0.0993389709474719 0.13317047969428863 
