0.0625 0.968767809898299 0.1888867306239248 0.24480960806238383 
0.1875 0.9455325919967507 0.1904609017349701 0.23549240956257977 
0.3125 0.9233332849982541 0.18483925646520827 0.23461796698717619 
0.4375 0.9038938241252755 0.18046786068395093 0.24010774357890463 
0.5625 0.8728961473936461 0.16795141408370062 0.22377634341854447 
0.6875 0.8579161023709216 0.19688979316417554 0.2607890122055554 
0.8125 0.831451375859951 0.21519241712408943 0.27273916138031484 
0.9375 0.7933308919782252 0.20944545366049194 0.2403327174165959 
1.0625 0.7634367127564307 0.21544820932199849 0.29162416140338665 
1.1875 0.7005430339574572 0.1972947465646413 0.3250584653499933 
1.3125 0.7905009723493956 0.23460503965915447 0.18517216817082793 
1.4375 0.6025608369231491 0.1856342459358422 0.24054674190964465 
1.5625 0.5612130814802642 0.11652672757301646 0.195893061742467 
1.6875 0.6950665151508422 0.19153367351446293 0.33748603460476057 
1.8125 0.49536626926756155 0.07897939395229786 0.2577651920017576 
1.9375 0.730044265567788 0.15803754497298594 0.1436337058053211 
2.0625 0.6004089284165565 0.0798634217766011 0.26464165958834884 
2.1875 0.541948325786048 0.0 0.0 
2.3125 0.0 0.0 0.0 
2.4375 0.0 0.0 0.0 
