0.0625 0.9692518196776475 0.2229802172177623 0.26586432338917343 
0.1875 0.9439811043033947 0.20515014790502384 0.2450492271180439 
0.3125 0.8820606915292303 0.19654641793589478 0.23545353567318983 
0.4375 0.8241749949935925 0.18623748355868652 0.22050841849517255 
0.5625 0.7753468299809033 0.15980120082859972 0.20939260165328732 
0.6875 0.7676282190618222 0.14589225237801462 0.20097912324530154 
0.8125 0.7873517319609313 0.16058548697096475 0.19724929185217577 
0.9375 0.774327479148679 0.168390942570529 0.22034738120850872 
1.0625 0.7874597320018316 0.157146332991963 0.21018884267618654 
1.1875 0.7511981948086535 0.2126992688423961 0.24958914022459422 
1.3125 0.7788052654229974 0.19584070964514255 0.21647506554661156 
1.4375 0.7170631445121025 0.21767805710316568 0.2670921543162893 
1.5625 0.6600964567225275 0.17430777132333497 0.258499186668367 
1.6875 0.7947434573058626 0.24497797139644306 0.272819946350359 
1.8125 0.5773731937868782 0.13120714808568162 0.37914822504552925 
1.9375 0.7119797944893633 0.22821721222127195 0.2580833697290571 
2.0625 0.5876169524205725 0.11134351968905909 0.2759050185015026 
2.1875 0.5439228825621618 0.021662162029418397 0.051027003815059424 
2.3125 0.3749536753257099 0.02803645116584097 0.46900831807957166 
2.4375 0.0 0.0 0.0 
