1.0 0.9631373514775758 0.28349545372801555 0.314601159185667 
3.0 0.9561875422748644 0.1929553660036175 0.24359976124657978 
5.0 0.8714724279443031 0.1617661903551525 0.17070058641478858 
7.0 0.7717389765240473 0.1206001517619274 0.170676320576028 
9.0 0.766510296778325 0.15079247555139297 0.11509778753148803 
11.0 0.6830019390276683 0.12277475429939999 0.12641342677137324 
13.0 0.5441475184819018 0.032348850291585296 0.10601857180828123 
15.0 0.6071527750850175 0.09972192842228189 0.04575587934934222 
17.0 0.532618313774568 0.004071503012200162 0.02833914453162889 
19.0 0.0 0.0 0.0 
21.0 0.0 0.0 0.0 
23.0 0.0 0.0 0.0 
