0.0625 0.0 0.0 0.0 
0.1875 0.7802037106589091 0.26324628400737893 0.10392842459191354 
0.3125 0.6197305012782455 0.1097602413839287 0.21025285433553098 
0.4375 0.6497033010347271 0.10394094695843947 0.18339997482945325 
0.5625 0.6786399239342552 0.10674906593482736 0.152152335138922 
0.6875 0.7096140368255253 0.1060525978706024 0.1376511248012745 
0.8125 0.7394920725531401 0.12864589525821535 0.1453398331841853 
0.9375 0.7785233792945264 0.14805669603881044 0.16391245096454454 
1.0625 0.7932263056944036 0.14299096666611877 0.17854890593827843 
1.1875 0.7957898379261721 0.13386161237208904 0.20293631096257014 
1.3125 0.7839685394197997 0.17468349170810604 0.16696800544835988 
1.4375 0.6193225791072177 0.08919855938894516 0.1641046161693579 
1.5625 0.723430961451438 0.1715958969843855 0.16032917591949603 
1.6875 0.633935320484786 0.14290201834703758 0.238625541821609 
1.8125 0.8301545271124147 0.2236767956516651 0.22655278965646408 
1.9375 1.0109561905651345 0.4782071769820685 0.1382141635477856 
2.0625 0.5028052989898091 0.0 0.0 
2.1875 0.7528288735362039 0.1568480707188067 0.1568480707188068 
2.3125 0.2621539750817533 0.021168160290938154 0.021168160290938154 
2.4375 0.0 0.0 0.0 
