0.0625 0.8218553875434064 0.13504885845965586 0.09522706975790363 
0.1875 0.7878791890758138 0.12537431281081035 0.15049225162517466 
0.3125 0.7912804340687882 0.12254758898216422 0.13781967722571487 
0.4375 0.8158062228412072 0.14844360628880837 0.14816427764754458 
0.5625 0.8190230857081244 0.157369181614062 0.16970977424828082 
0.6875 0.8164036759032943 0.15413001948717397 0.1919447532519828 
0.8125 0.8021065808561223 0.15412506475208387 0.19538283371667153 
0.9375 0.7738770661515629 0.16928817218360925 0.20235648515612448 
1.0625 0.7398655366196333 0.14073970319796014 0.1968108538859581 
1.1875 0.7190500910035886 0.1600076012524193 0.21889827586519683 
1.3125 0.6789995567724701 0.1554550460116414 0.17410551438888688 
1.4375 0.7097469141314073 0.18884848778090146 0.31630770474276726 
1.5625 0.6028790601357887 0.12728800576280308 0.4209131298166353 
1.6875 0.527520668833845 0.13074487039727722 0.26951326530749387 
1.8125 0.5516536611119218 0.1560262937016974 0.1899822637141938 
1.9375 0.5543651449547286 0.17983070930331568 0.37260312868251133 
2.0625 0.42461474809136435 0.06024835644720117 0.024852132937229043 
2.1875 0.612696493032018 0.031115351047275475 0.08541607404792517 
2.3125 0.4379669538579681 0.0 0.0 
2.4375 0.0 0.0 0.0 
