1.0 0.7797309871889905 0.20159791457238063 0.24239752863019726 
3.0 0.8182535370154436 0.19768429834922474 0.2361387871674936 
5.0 0.818531749332447 0.1459384421532529 0.19108273765739547 
7.0 0.8188741170728217 0.1367556852881221 0.14657191069487951 
9.0 0.8019070467729146 0.17419718245489013 0.17753988592509506 
11.0 0.7031924220223075 0.12952426732192113 0.17939310750478055 
13.0 0.660867663146935 0.10381752718564197 0.12382195620344871 
15.0 0.6489582642360135 0.09232650420743749 0.11476481302919506 
17.0 0.658925125239568 0.10158452510559601 0.11511585884253872 
19.0 0.6639516702279492 0.09397424220563666 0.12646586519407899 
21.0 0.6897025318251335 0.09973499949485642 0.11304110866155515 
23.0 0.6508704078575317 0.11171816016482283 0.12352254988543487 
