0.0625 0.8664815001587334 0.2339346471079019 0.2628593222737494 
0.1875 0.8569813949518137 0.2253443813655991 0.24137239975275193 
0.3125 0.8122895722182557 0.21699678083635832 0.24931769310016372 
0.4375 0.7980697248807873 0.19580825759387888 0.23945432517901266 
0.5625 0.741759729163076 0.20697488447526946 0.23947111817725575 
0.6875 0.7015809110304343 0.16405603013538905 0.20334762010271923 
0.8125 0.6914609304940891 0.21528403532586637 0.2464553577670714 
0.9375 0.6086101864827134 0.16318059842109395 0.20189723792105585 
1.0625 0.7896095099317363 0.23590869783011148 0.2218091820481488 
1.1875 0.5286559146036864 0.13427988242398425 0.2225863811719513 
1.3125 0.6836668751686572 0.1855157573456951 0.172784545375401 
1.4375 0.7090771976909314 0.24924735652149127 0.24413571838963644 
1.5625 0.5372464724925158 0.17003481174108337 0.12237548251243324 
1.6875 0.8250866454918421 0.10558879157653511 0.13919918936724418 
1.8125 0.48218912087119153 0.13086894188642872 0.3415585007932294 
1.9375 0.7068581613565847 0.19595422775432492 0.14132381860078203 
2.0625 0.8163132865440015 0.0 0.0 
2.1875 0.0 0.0 0.0 
2.3125 0.0 0.0 0.0 
2.4375 0.0 0.0 0.0 
