1.0 0.8268168273296497 0.271445473771734 0.30609923060656996 
3.0 0.8220357146037287 0.21628109923751937 0.24377508119689018 
5.0 0.8093784545789309 0.15791864318653337 0.20005961036236353 
7.0 0.8079747641821845 0.14635522681503033 0.15982214875534106 
9.0 0.7892099520444366 0.1656207871342832 0.1833833758235064 
11.0 0.7262044313717892 0.13787688357607142 0.16720333993335812 
13.0 0.6948658575080443 0.12165917945259663 0.15812904527150629 
15.0 0.692310236085588 0.11568264045596977 0.1629606159935807 
17.0 0.704326124159199 0.12304346729294102 0.15373881633363706 
19.0 0.6935168955543988 0.10594875562091699 0.1427981772939242 
21.0 0.6885111566373927 0.11934023575020691 0.1361771584807313 
23.0 0.6550947698909912 0.11391454962247949 0.13657801811887282 
