1.0 0.6712013838441564 0.19178334685688098 0.2359553774341736 
3.0 0.6875773034487473 0.19121526912503123 0.23833878327564084 
5.0 0.79083834457745 0.1732166915225769 0.2276649956839737 
7.0 0.8227366739738123 0.171805117026128 0.20686271279071067 
9.0 0.7747242624003177 0.14753676432266027 0.18996023517199634 
11.0 0.7487846071809253 0.12982925061147788 0.14880955423698428 
13.0 0.7387257938001225 0.12489373886880384 0.15336479648149925 
15.0 0.7497833553978145 0.12948225598501562 0.16357315865332533 
17.0 0.7574712407664593 0.11456134700187393 0.13881039921365979 
19.0 0.7410439278940872 0.13238663082701152 0.1322484787162166 
21.0 0.69931889861866 0.13113875644535766 0.14919608245838012 
23.0 0.6582850397830111 0.11163834431958808 0.1295803165438656 
