1.0 0.8016548598899361 0.36985693961060934 0.0728485999033307 
3.0 0.5460252764331321 0.17698048887343587 0.2183808291129451 
5.0 0.5496875165455677 0.18358634027888865 0.20568693433446594 
7.0 0.5402655859387856 0.10739490461581752 0.14999775560917983 
9.0 0.45509596216405923 0.08284750963972987 0.2421788085716149 
11.0 0.669250275002604 0.26538678147665395 0.35666798704823555 
13.0 0.6399202179031696 0.13973440968379136 0.3925934904465824 
15.0 0.7585825625695032 0.19897226424398617 0.21629246576347094 
17.0 0.7083847174190483 0.2539660140918926 0.1957711532868267 
19.0 0.6358887049478874 0.029221004088904712 0.029221004088904823 
21.0 0.5756027434816252 0.12355150897179756 0.10785153677180404 
23.0 0.7307525576035765 0.09756176969167152 0.23335290679218035 
