0.0625 0.8728754948176303 0.22813828737627917 0.2555139485413658 
0.1875 0.8599200293939461 0.20515899331234377 0.23041966341161213 
0.3125 0.8133937899768857 0.19044232277455642 0.21751127777786117 
0.4375 0.7812058829634276 0.17944765202360669 0.2008902910575514 
0.5625 0.7423420846398497 0.1456352506642401 0.20497956926296734 
0.6875 0.7409994496966867 0.13651734774355695 0.1872830819971406 
0.8125 0.7433929161577479 0.16798529156502962 0.18567102802330293 
0.9375 0.7238909380555437 0.1684722848673199 0.2017158475111238 
1.0625 0.7412050268430571 0.16952709627542484 0.20810877836474462 
1.1875 0.6733091071428063 0.2026710704119502 0.238585892432839 
1.3125 0.7123494246264612 0.1780426872376245 0.21508941471080223 
1.4375 0.6095499168587947 0.16481788587290036 0.2826530295027121 
1.5625 0.5808989436824212 0.13008886249279084 0.2287464104037652 
1.6875 0.7352614018232686 0.2380073883750392 0.21810282820811877 
1.8125 0.54547629571872 0.18138455459395886 0.21782590059411933 
1.9375 0.6740255757070136 0.21095157979452717 0.30188174863595973 
2.0625 0.5343596197478532 0.13282346557502667 0.24665678371755984 
2.1875 0.581917208873371 0.06285979572339084 0.17602696906781234 
2.3125 0.36562528821319756 0.10471649903091124 0.5399151307752394 
2.4375 0.0 0.0 0.0 
