1.0 0.6744718099329047 0.21127502441194868 0.2507965658531821 
3.0 0.6347792566948728 0.19988715617310515 0.25995593509288883 
5.0 0.6762209640660415 0.17811583477787685 0.24308047607210337 
7.0 0.7064902495269164 0.15949644715831557 0.2038112541384275 
9.0 0.740646033959695 0.16036328456622595 0.2294421487939906 
11.0 0.7689368051066877 0.1453045678329179 0.174755734125439 
13.0 0.7773660920383891 0.15544565351288409 0.21203801010601364 
15.0 0.7554867680288826 0.13890502881900002 0.1745681208081178 
17.0 0.7653311969178174 0.17190349183642584 0.19783608760459281 
19.0 0.6847035659833196 0.10428553916050687 0.16873917696439522 
21.0 0.6573937920319396 0.10978205629632842 0.140345683533995 
23.0 0.6594618345852166 0.1162351999269523 0.18594886907136332 
