0.0625 0.8991389260825204 0.19669276466691443 0.22344817856472354 
0.1875 0.8719384615052629 0.18991645165686666 0.22334360776196827 
0.3125 0.8493078069542478 0.19461713543243742 0.22137182875573147 
0.4375 0.821227365851028 0.18168927111155986 0.22905191356672716 
0.5625 0.7935628867664044 0.17288854369137108 0.2397523903161647 
0.6875 0.7683626661440317 0.1842015003651588 0.2558298599573503 
0.8125 0.7061625870907658 0.20135532025055347 0.2324312702446777 
0.9375 0.6722091857463494 0.18066295338047605 0.24783678976790924 
1.0625 0.6574194843657317 0.1868986205050619 0.23826250255066894 
1.1875 0.6158332738923293 0.18068352552686606 0.25238694391474414 
1.3125 0.7178069750841299 0.2385211187236536 0.31103969097260464 
1.4375 0.5315138723000938 0.1497499236299919 0.14247734566986148 
1.5625 0.5500244617643784 0.13144656742918637 0.21673097967452892 
1.6875 0.7409429765185995 0.2339481032279045 0.3274224666813055 
1.8125 0.45459384679016834 0.1635961297869981 0.17138792558198412 
1.9375 0.7330319461308085 0.14452822791270603 0.25616838602071634 
2.0625 0.6564219160536403 0.2596380952428237 0.2866655267382656 
2.1875 0.44435662454437574 0.0 0.0 
2.3125 0.0 0.0 0.0 
2.4375 0.0 0.0 0.0 
