0.0625 0.0 0.0 0.0 
0.1875 0.0 0.0 0.0 
0.3125 0.5533987470593356 0.06717134832882293 0.06317733605522335 
0.4375 0.6076023926449162 0.07589063514411332 0.0891899127166853 
0.5625 0.6638075681347386 0.10202658596253678 0.10947569721220252 
0.6875 0.6992431468955187 0.10848052317380141 0.13636672806985228 
0.8125 0.7332342629497572 0.13521557161392161 0.14422124850701812 
0.9375 0.7384235890484324 0.15063452099185315 0.1697362679553609 
1.0625 0.7266312486255198 0.13336753553002467 0.18290792900685782 
1.1875 0.6839733860430367 0.12417194126596298 0.15646703465177914 
1.3125 0.7175268504945725 0.14274651585950637 0.14416948175785882 
1.4375 0.6234491372185269 0.12512968971048438 0.20974882156344354 
1.5625 0.661205947047814 0.11572706051467663 0.2137688615595218 
1.6875 0.6343000039386814 0.14610247562694745 0.25061864531305666 
1.8125 0.5872793668805302 0.05889100851146645 0.06089323576453154 
1.9375 0.6073832982413625 0.22607325026079744 0.15048903698701566 
2.0625 0.6339290950040486 0.14238411563720998 0.021477105665033025 
2.1875 0.0 0.0 0.0 
2.3125 1.3371466944934847 0.0 0.0 
2.4375 0.0 0.0 0.0 
