1.0 0.8382550981183958 0.27844517615364817 0.30753316397490504 
3.0 0.8783053966344372 0.19515532539549696 0.22596266291828293 
5.0 0.836650229196511 0.15534120191628153 0.18308903932607334 
7.0 0.7667730319663234 0.11154366092415569 0.13580484891346 
9.0 0.7783787497137379 0.10698926936214115 0.12246849318186825 
11.0 0.7337296703228093 0.2168569294772028 0.13771595747587473 
13.0 0.5506357462676582 0.06525383194211393 0.1493587065988149 
15.0 0.5704903510910513 0.042374836849460196 0.03768112054481487 
17.0 0.48269150132637856 0.008686457385926272 0.03591541452904362 
19.0 0.0 0.0 0.0 
21.0 0.0 0.0 0.0 
23.0 0.0 0.0 0.0 
