0.0625 0.0 0.0 0.0 
0.1875 0.0 0.0 0.0 
0.3125 0.632108584361573 0.06985942339173401 0.08392851345460506 
0.4375 0.6844653625941003 0.07871827287785782 0.09020099639725343 
0.5625 0.7262888706550558 0.08961123790612036 0.11572563171659378 
0.6875 0.7696941597439486 0.10979333996667906 0.12279934152120531 
0.8125 0.8074671175298209 0.11928914041671279 0.12943064011521455 
0.9375 0.8382767057558229 0.13662243160223053 0.12820927180812947 
1.0625 0.8532696220783597 0.14369626389853918 0.14976633912515835 
1.1875 0.862063560714716 0.15016665906762683 0.17580800851628786 
1.3125 0.9153128725169756 0.15155642481972975 0.1857164122876208 
1.4375 0.8159662444493502 0.10539000158934064 0.3130776698595793 
1.5625 0.9336769612399438 0.21619224570000728 0.2518583781923638 
1.6875 0.8910538852161586 0.08420317932503385 0.2075809578175548 
1.8125 0.7498544220060851 0.11140296822056417 0.5063422689229616 
1.9375 0.711824299564 0.10596123227775778 0.1682851271465372 
2.0625 0.7158455839631901 0.06899661511368305 0.5092287863197826 
2.1875 0.0 0.0 0.0 
2.3125 1.3905282936728816 0.0 0.0 
2.4375 0.0 0.0 0.0 
