1.0 1.0384214295951848 0.31632975480319814 0.41528264558640426 
3.0 1.0033823751059 0.2741786643245011 0.32745948541862013 
5.0 0.9617482730935876 0.20592477990786806 0.2720075498409884 
7.0 0.947324860051761 0.2119834749413908 0.24251772453537956 
9.0 0.9799651757624317 0.1860064257647387 0.21441448515073303 
11.0 0.959804730207999 0.15927910640672716 0.20627893145537113 
13.0 0.9525942007974643 0.16449997314210374 0.22103983452540954 
15.0 0.9251702694647876 0.17448435926213712 0.1935448631570449 
17.0 0.8948864177249047 0.1267079836937277 0.1610635906017086 
19.0 0.8634136010272877 0.1446727431848368 0.17727515849047548 
21.0 0.8235058518038784 0.11608026266381877 0.17699264823969874 
23.0 0.8089653918703634 0.1225286489357954 0.15404826937643323 
