1.0 1.0182358123989272 0.2589614415056355 0.3366568723386003 
3.0 1.0069167735683373 0.2387889586985752 0.2970510337688783 
5.0 1.00193340910643 0.20196869524776329 0.234501704506612 
7.0 0.9842656022859428 0.17071626052364164 0.17940303491823628 
9.0 0.9306151567903695 0.15242732689808558 0.1840385220216576 
11.0 0.8884302018751579 0.140306809642328 0.14921421053694395 
13.0 0.8671788194184736 0.13167923173698104 0.14976752944316096 
15.0 0.8515923085255828 0.12807122222378764 0.14212356801349646 
17.0 0.8336341082576086 0.12048412291368149 0.12314258683224111 
19.0 0.8106293982658843 0.12280631075260007 0.11811624552415201 
21.0 0.7846249537018728 0.11664639743797522 0.11348004283084168 
23.0 0.7501031379051747 0.10282545283061817 0.10957480056203617 
