1.0 1.2089803816957172 0.282619506373329 0.33401227486662677 
3.0 1.0839427199251812 0.20679419072411254 0.24858037131664812 
5.0 0.9515354320544152 0.16246600436135716 0.20917103700069672 
7.0 0.8537422031225255 0.13050801450539307 0.13308380775838702 
9.0 0.8206871447702917 0.1206403844529601 0.1195624021227103 
11.0 0.7431547524617206 0.13331271969009384 0.15561080525108562 
13.0 0.691037035804055 0.09816373924528399 0.06588140289052036 
15.0 0.6454524330188591 0.05017639287254516 0.04524695106587606 
17.0 0.6002027247705338 0.02775367773229187 0.01609920491462169 
19.0 0.0 0.0 0.0 
21.0 0.0 0.0 0.0 
23.0 0.0 0.0 0.0 
