0.0625 0.0 0.0 0.0 
0.1875 0.7183374230534907 0.11293258178017107 0.1799046224645221 
0.3125 0.720964843483488 0.11361028607657753 0.18047024227099762 
0.4375 0.7484471016952525 0.11158359737258305 0.14954851302337402 
0.5625 0.7907125727755582 0.11810018438540626 0.14236916718769166 
0.6875 0.8288005095506403 0.11765266956025688 0.1324903037134697 
0.8125 0.8696697397083577 0.13543814040382718 0.14210171204823685 
0.9375 0.913268110806043 0.14808864410917366 0.16413153537023484 
1.0625 0.9450489681741647 0.1473301897354975 0.20343832582168409 
1.1875 0.9779423865248212 0.14977413960342834 0.23606121008512482 
1.3125 1.0023244392910167 0.23209431942338898 0.22242183525142778 
1.4375 0.9081352758222434 0.1655052087165968 0.29455656456831103 
1.5625 0.9332778956911476 0.14689289000026673 0.1296247119746492 
1.6875 1.0073693836650333 0.28998067461011434 0.2064357727430728 
1.8125 1.0483496964784158 0.17273616251420265 0.25233877021701145 
1.9375 1.0193003805199643 0.4098095942001384 0.2764900408201767 
2.0625 0.9274008845346913 0.0 0.0 
2.1875 0.860073085916129 0.0021353001457394827 0.0021353001457395937 
2.3125 0.45994345674129766 0.048615326233478084 0.04861532623347797 
2.4375 0.0 0.0 0.0 
