0.0625 0.8903390087367192 0.07531784214073489 0.14024389325170084 
0.1875 0.8617003628850033 0.12669525709552154 0.18683290338998626 
0.3125 0.8712880327335101 0.1308356443088997 0.15635957964161606 
0.4375 0.9082857074374473 0.14149367967439042 0.16420818249072688 
0.5625 0.9281438323349973 0.15172517365036875 0.17256567981814186 
0.6875 0.9503110951694091 0.165175040762211 0.17880914844770035 
0.8125 0.9604618234741327 0.16203786557255884 0.19260614424800093 
0.9375 0.9751149819605798 0.1758989042457063 0.20593649728983543 
1.0625 0.9490541336802509 0.16667424029265665 0.2333383531754325 
1.1875 0.9814583661760219 0.1934948512854553 0.21124629651426186 
1.3125 0.9465772238994238 0.2317113508622105 0.2470259599489083 
1.4375 0.9547456780574954 0.27902794950171905 0.286023176664433 
1.5625 0.9512964427339519 0.22271933949081746 0.2581945329535478 
1.6875 0.852312333890102 0.18062153389104663 0.3322662303440358 
1.8125 0.8946016277718194 0.2993664251881537 0.13607385954139728 
1.9375 0.8645365592090055 0.1571491951846592 0.2731427733036995 
2.0625 0.6389113345780029 0.18044874803212468 0.3596264810811539 
2.1875 1.0584869864046158 0.016139785640916005 0.02382275372608822 
2.3125 0.778501839392191 0.0 0.0 
2.4375 0.0 0.0 0.0 
