0.0625 1.1354375246302628 0.23157081715812688 0.2868504982584499 
0.1875 1.0927779942763431 0.22588993232227028 0.2725697272455867 
0.3125 1.0077122320368115 0.21812913198496253 0.269471860645758 
0.4375 0.9321606670339676 0.20149844548507012 0.2530300747348363 
0.5625 0.8778257809886963 0.1701749869371033 0.22913545245840894 
0.6875 0.8826123147440794 0.15675067131620712 0.2212473295102404 
0.8125 0.9071564161630805 0.1649072617711359 0.23445780481342138 
0.9375 0.9311958928178291 0.17933086404717902 0.2394945144672308 
1.0625 0.9580730904734434 0.19147932292676972 0.2709247777571422 
1.1875 0.9620277695718934 0.21814973077778743 0.28218199538981537 
1.3125 0.9882262442327213 0.2357659516943903 0.27631148654487714 
1.4375 0.9259123350980096 0.2349872453704498 0.3201405903805248 
1.5625 0.9512964427339519 0.2598792405238102 0.3183442160808738 
1.6875 1.0026399158140098 0.28467735647328296 0.3042541076406948 
1.8125 0.9193556693674967 0.2904089591901402 0.5251865130769844 
1.9375 0.9163376735062314 0.2760290491214542 0.40717271245172926 
2.0625 0.9955193200005064 0.37641105383359497 0.226729929131543 
2.1875 1.0390648476544884 0.18214660432638108 0.03287056882684536 
2.3125 0.6549692114737135 0.19788547980497334 0.44178638414443683 
2.4375 0.0 0.0 0.0 
