1.0 1.054239606989424 0.21313372194542424 0.2950734446636263 
3.0 1.0483557215311479 0.2094081785219971 0.2612347073555501 
5.0 0.9719201763398794 0.16885391074802836 0.1997042918891413 
7.0 0.9247034597995051 0.1431108252279858 0.1574143641389597 
9.0 0.8845373054703548 0.15352956287157438 0.17099327962995792 
11.0 0.8148383472393348 0.13898779178882226 0.15038698717439636 
13.0 0.7656168944648465 0.11347787822280953 0.12983540647773506 
15.0 0.7360169765676348 0.10094961333523622 0.12309817615620189 
17.0 0.7313936497751468 0.09986126804652995 0.11583095217599693 
19.0 0.7389904346802716 0.0918542448930274 0.11354164220559348 
21.0 0.7318786756252356 0.10218950429714901 0.10427166924172016 
23.0 0.7014955049604185 0.09286387594140355 0.10624531476010035 
