0.0625 1.1446142635740921 0.23603737609870212 0.28990769249171455 
0.1875 1.1296750096864843 0.23681386642419644 0.2851888077793978 
0.3125 1.0898497628947241 0.21358647827343236 0.28983641902702906 
0.4375 1.0633593445381548 0.21042378022949426 0.281243312090232 
0.5625 1.0290151663851577 0.22140561565786054 0.32044097521793913 
0.6875 1.032749317768559 0.2339170625022442 0.2976171831326875 
0.8125 1.0071385981807106 0.2463330366990123 0.3375945612441644 
0.9375 0.9870386758202003 0.2619838084219157 0.3465292908732214 
1.0625 1.0777026711621656 0.28048158911525767 0.3995479303914884 
1.1875 1.0005219140080022 0.33273745219920725 0.44961309147967454 
1.3125 0.9900547591069955 0.3097578284220731 0.3625002461952542 
1.4375 0.9865129713808808 0.3290554780417151 0.5477808318571066 
1.5625 1.1130021168682722 0.4455424546463803 0.32621017335029556 
1.6875 1.0584797548977352 0.2307626445136548 0.35455371472342967 
1.8125 1.043008653669093 0.425969673406114 0.4172332908438361 
1.9375 1.1412644276556765 0.35824432214042656 0.40476686242158033 
2.0625 1.5717582152134462 0.0 0.0 
2.1875 0.0 0.0 0.0 
2.3125 0.0 0.0 0.0 
2.4375 0.0 0.0 0.0 
