1.0 1.0007677336440755 0.33164237358173376 0.49237524980377656 
3.0 1.049390135154358 0.354736952182648 0.48747126424502185 
5.0 0.8256364656265766 0.24523067947255672 0.2769480102003582 
7.0 0.9081679838494413 0.2715649326151921 0.18195039232670795 
9.0 0.8036526999022421 0.31995379041831173 0.20987754039292195 
11.0 0.8789548822958542 0.24740267397674431 0.28076209909308014 
13.0 0.960861511133712 0.3774049897098639 0.3028119808308585 
15.0 1.1141029443865738 0.26031965654394085 0.16209890001434957 
17.0 1.0211803560746022 0.26996715631426027 0.21317206577008996 
19.0 0.8457312080252077 0.06519621449300339 0.06519621449300339 
21.0 0.5990590520825004 0.0888433871367017 0.17288925025071333 
23.0 1.1776450180227076 0.21277895853902073 0.12039989988301092 
