1.0 1.1936347831911225 0.28296440216916086 0.33828251660186504 
3.0 1.0584668444449283 0.21735343177657196 0.26298585643637273 
5.0 0.9706831480237226 0.17330647927848175 0.21655736959568905 
7.0 0.9311910188714279 0.15263582173475077 0.17271646797370122 
9.0 0.8987235464177201 0.15223486726309787 0.17860713066166412 
11.0 0.8455503211899242 0.14418614180036993 0.17151553132836161 
13.0 0.8141725126429387 0.13622324922443607 0.1565998573059485 
15.0 0.7925762932969866 0.12745588305026367 0.15371353615594763 
17.0 0.7807617476828986 0.11833539560645934 0.1474104002313965 
19.0 0.7777593192891464 0.11051647598145009 0.1332272310424767 
21.0 0.7627292444235664 0.10924224900237067 0.10871589635335899 
23.0 0.7352644636637737 0.10263519704878499 0.12740585917474945 
