0.0625 1.0859458744676849 0.2011181333447798 0.2697398992220337 
0.1875 1.0785269088226261 0.21150008174146329 0.24151782211227912 
0.3125 1.0523783782278082 0.2052718604692515 0.2400731564495111 
0.4375 1.0332883728320366 0.19466244909228947 0.25369931097640097 
0.5625 1.0146231173798617 0.20373112801528204 0.2570166571525312 
0.6875 0.9981317083303883 0.20994974809706934 0.25687858400936425 
0.8125 1.0168861843106138 0.2354297218800946 0.2920303653212768 
0.9375 1.0060330099216321 0.23702572216409135 0.2728497436017545 
1.0625 1.0048243401396229 0.2320180403814226 0.36533818180088895 
1.1875 0.9657767760717196 0.24726121122630407 0.3367184851024566 
1.3125 1.078083981591683 0.27992230997633116 0.2956717434988587 
1.4375 0.9174825894411243 0.2638716490460117 0.31500126500069214 
1.5625 0.9179972992755252 0.273378300418162 0.23166197306024672 
1.6875 1.0956166796047961 0.311280586959932 0.3128900864691766 
1.8125 0.8716405816955851 0.24697893011055339 0.8377507719698517 
1.9375 0.9955737481935011 0.20257126883501464 0.33645140096752624 
2.0625 1.0614707830597185 0.15038182870403383 0.13919695138448684 
2.1875 0.8565655557711008 0.0 0.0 
2.3125 0.0 0.0 0.0 
2.4375 0.0 0.0 0.0 
