0.0625 0.8236344137994831 0.05089952377989859 0.2673437991718941 
0.1875 0.8586056405923486 0.14331586477305558 0.20029177167994217 
0.3125 0.8872147922517972 0.14111894312156958 0.1577849418465629 
0.4375 0.9225752623842023 0.1614930687128131 0.15667550579560618 
0.5625 0.9471912920567378 0.18851987136057213 0.18774659642277403 
0.6875 0.9406739604141643 0.17848569993476904 0.21644102427185685 
0.8125 0.9462552748969704 0.18606498534685845 0.2292889806104308 
0.9375 0.8976238160385119 0.1750606151785029 0.2217441545851755 
1.0625 0.864583763465655 0.17852200296981313 0.21513792274038424 
1.1875 0.8705072752405607 0.18905110484670917 0.2303338651901896 
1.3125 0.8197122212325564 0.18912572712857267 0.2816974490794527 
1.4375 0.842136515710964 0.2713240631409044 0.3664273414095939 
1.5625 0.7496597426327849 0.17198348557439014 0.37588506534947075 
1.6875 0.6281468369641016 0.09705465300275662 0.3480023486419759 
1.8125 0.5650243349106538 0.13350637226999662 0.19314893003693356 
1.9375 0.5852275967379784 0.12535497162225223 0.3791519528212953 
2.0625 0.5262597425040779 0.09281231844134308 0.06286414199456347 
2.1875 0.6677918427249288 0.0540395600071617 0.07950571370250459 
2.3125 0.5026783782907077 0.0 0.0 
2.4375 0.0 0.0 0.0 
