1.0 0.7922796845241826 0.20368877534833862 0.2451498035758699 
3.0 0.8304556452430744 0.2091783931741128 0.2915733892929774 
5.0 0.946480601951702 0.18676978082159768 0.24937398866692884 
7.0 0.963989345746443 0.19256772663608435 0.2276608560386406 
9.0 0.8954141841154577 0.17440084876690864 0.21068279024820713 
11.0 0.8515061921331535 0.14193663120589062 0.1673340227775273 
13.0 0.8501714313399445 0.14063561967280225 0.16374816759817679 
15.0 0.8565328742473903 0.14127928204085294 0.17076476309022803 
17.0 0.8541565663474371 0.12964101911018633 0.1527082112322813 
19.0 0.8267023420098097 0.1357313178607712 0.13608203151407205 
21.0 0.7666210487217231 0.12443352744308511 0.14652656601016878 
23.0 0.713791272264416 0.1225064473373707 0.16840326490461077 
