0.0625 1.0767361134743498 0.26842556848259924 0.3037161142731768 
0.1875 1.0453121532447516 0.252026954986017 0.2995093849208159 
0.3125 0.9902487942524605 0.2377469898149409 0.28907120213653603 
0.4375 0.9505353205133935 0.21023522905341796 0.28248037877473964 
0.5625 0.8762139010599608 0.20455860064914988 0.2888367689738236 
0.6875 0.8246958981419417 0.19400517191493993 0.21560675422694708 
0.8125 0.8123767434332814 0.22731500226561252 0.26714298065673714 
0.9375 0.7270608008697328 0.18308686958650955 0.219517101998969 
1.0625 0.9085044091863789 0.2593081381616812 0.179287050819955 
1.1875 0.687073306893949 0.18525870896458052 0.2704186854803867 
1.3125 0.8091279596911589 0.22305280826454998 0.17595369457062182 
1.4375 0.8869128051975685 0.2701235750876244 0.19495531704477576 
1.5625 0.659554425252774 0.14651339307757194 0.1337331231934782 
1.6875 0.9436968427073662 0.051266064159764424 0.1282922060627676 
1.8125 0.7915941493255187 0.2599390059150447 0.23114871842339402 
1.9375 0.8285507086775253 0.21187027922013246 0.15224069377634297 
2.0625 1.2326878137443174 0.0 0.0 
2.1875 0.0 0.0 0.0 
2.3125 0.0 0.0 0.0 
2.4375 0.0 0.0 0.0 
