0.0625 1.0789873397949146 0.2163056770478805 0.2969605253344121 
0.1875 1.0677861971561196 0.22961919924395113 0.2636668260071948 
0.3125 1.0253035631782212 0.21249407163486522 0.27951582013503584 
0.4375 0.9940037775176498 0.21210617970983203 0.2773376432642196 
0.5625 0.953584428640353 0.19589441235204375 0.28054086438178016 
0.6875 0.9359152599296623 0.22864781189407424 0.25340248820025035 
0.8125 0.8581066610894313 0.22710816692191682 0.26571861873251745 
0.9375 0.8250328643669964 0.20394495454646344 0.2937204812433203 
1.0625 0.8016339174001299 0.22585409191389882 0.25614465557276955 
1.1875 0.7170200847298982 0.17732150301770755 0.27854817732610804 
1.3125 0.8658428848440883 0.26691423356228994 0.24301481827618654 
1.4375 0.6304973667005382 0.19397286320656665 0.22914797735945025 
1.5625 0.647118851567547 0.16226745160787442 0.25467398622557846 
1.6875 0.820800168725032 0.262826913496231 0.21364977740663782 
1.8125 0.5073227728006058 0.14479855147962883 0.2595369235944134 
1.9375 0.7999740584494193 0.13619146967222884 0.1697829188426737 
2.0625 0.7866971296049041 0.24013940343298057 0.16996161543308552 
2.1875 0.5867394013324946 0.0 0.0 
2.3125 0.0 0.0 0.0 
2.4375 0.0 0.0 0.0 
