0.0625 0.0 0.0 0.0 
0.1875 0.8178894827802672 0.26768151095189174 0.0718748226746393 
0.3125 0.6759744824226355 0.10949384521291605 0.26195366215621396 
0.4375 0.7183023089925317 0.11418882145663078 0.213701822737832 
0.5625 0.7579235518784719 0.1270548879664556 0.16467898017071103 
0.6875 0.8093677962808493 0.12853979738248988 0.1482069119052245 
0.8125 0.8378395391359252 0.13928831747169357 0.1705292205018678 
0.9375 0.9018858436012254 0.16749170865944518 0.18802131871525596 
1.0625 0.9473905877150741 0.18412063806737355 0.20319962389192914 
1.1875 0.9490736690251524 0.1458727061204449 0.22786464531181605 
1.3125 0.9257822890203071 0.2460463747237044 0.28366371387636136 
1.4375 0.8039051841791515 0.15209863228025378 0.25206154104573864 
1.5625 0.8623231006666172 0.1675096812178729 0.14645347536624542 
1.6875 0.7864696854679633 0.1450108200344482 0.24277009978921205 
1.8125 0.8196325981248365 0.14603688456955022 0.4853954485722969 
1.9375 1.0446587077797362 0.5451024994003352 0.12911124350580594 
2.0625 0.39607932967649745 0.0 0.0 
2.1875 0.9046378693538426 0.09348750346152335 0.09348750346152324 
2.3125 0.33298169093527474 0.0659850381878434 0.06598503818784335 
2.4375 0.0 0.0 0.0 
