1.0 0.8146306723543453 0.2501852967175958 0.23405552485493897 
3.0 0.7455177344125197 0.2041409094616644 0.2689339040114176 
5.0 0.8229854647845731 0.20905286474853568 0.2455455315132462 
7.0 0.8519319916966261 0.18895351372397196 0.24734864361225894 
9.0 0.8706130433998787 0.1871879361931702 0.23352287064481336 
11.0 0.9227483778072743 0.18371182677704612 0.20555059681078824 
13.0 0.9471005765596205 0.20454197066137392 0.22177141301449255 
15.0 0.8760359438744096 0.1595726082103801 0.24406241666195627 
17.0 0.8611951083629901 0.17100684189809257 0.22982502670147165 
19.0 0.8155455326369814 0.1652672563159724 0.13139572409034372 
21.0 0.7686784171359743 0.1550784240594526 0.14111442488797443 
23.0 0.7643949318910358 0.15711484621457505 0.21655493720990504 
