1.0 1.0603193013571426 0.31116026062224045 0.36204927881829985 
3.0 0.9993223858156408 0.253806821854656 0.2968274371213724 
5.0 0.9490740746216952 0.1817843991366883 0.2374109156447668 
7.0 0.9283795969713976 0.1666740943548375 0.18178393428913953 
9.0 0.8975131833444119 0.18460910418852017 0.2007302250498071 
11.0 0.8269730358965267 0.163628629163604 0.1915116550880912 
13.0 0.7817279134771659 0.13675475618856436 0.18871252424142249 
15.0 0.7741106069384185 0.13033857845740482 0.1925872088419055 
17.0 0.7821178493685 0.13311778510472994 0.1620273363568715 
19.0 0.776933544896924 0.13980381408979803 0.14737817737049785 
21.0 0.7565356028803163 0.1270645364574764 0.1347596829849158 
23.0 0.7216408847940364 0.13070663015491224 0.1570879749220392 
