1.0 0.9385818036019739 0.22747418188185353 0.2802491516712261 
3.0 0.9906480261864797 0.2255780782888399 0.28983385349044444 
5.0 0.9574527009702231 0.1640378312547004 0.2283539317689406 
7.0 0.9360291609852127 0.1550100758079468 0.16191889031099937 
9.0 0.9061964248501132 0.18853041821652539 0.1922661366996251 
11.0 0.7954174147645039 0.16236252869992152 0.20627343347158944 
13.0 0.7283045785944224 0.10868800358869979 0.13772431269873353 
15.0 0.7106766343410823 0.10269520767530371 0.12501855724656918 
17.0 0.7203044154371899 0.09937618018175942 0.1199501269705111 
19.0 0.7264728014797212 0.1154907434467114 0.13342824601830405 
21.0 0.7538832906935011 0.12207593732746747 0.1138890706466148 
23.0 0.707790383895847 0.12114067931460581 0.11974693529354485 
