0.0625 1.0768283288442748 0.25952861473012256 0.3029619673598578 
0.1875 1.0455925480732406 0.24089336487670732 0.28565350459393546 
0.3125 0.9656625758539417 0.2162714026335849 0.2733827898929404 
0.4375 0.9069535901904222 0.2193440516066696 0.24481352092111108 
0.5625 0.8523182264449771 0.17906881555650678 0.24769358209946302 
0.6875 0.8497050957012817 0.1608436105812494 0.2164233529674391 
0.8125 0.858774361468402 0.17835974746141348 0.21481446803941795 
0.9375 0.8507391838949026 0.19277359254835236 0.22738946373414515 
1.0625 0.8677357607694394 0.2054023658745664 0.21942338304183728 
1.1875 0.8099560255796694 0.22076283536220165 0.24607235785974546 
1.3125 0.8470815294080808 0.2238336714640885 0.2403719879894154 
1.4375 0.7455623687316155 0.22002741692942585 0.2798957793310466 
1.5625 0.7195121617179655 0.1899612840011593 0.2557439447520088 
1.6875 0.8372574738125451 0.26130226025542436 0.20006715270401676 
1.8125 0.6567914659690869 0.21257791084202526 0.24073514871291601 
1.9375 0.8073192699796561 0.32764146661696586 0.2666922206726474 
2.0625 0.6391841345429191 0.20196506721351126 0.3163582655004288 
2.1875 0.6912985330931518 0.10460598399960719 0.11741565066937198 
2.3125 0.466348445045229 0.1372482269445333 0.5073131877423519 
2.4375 0.0 0.0 0.0 
