0.0625 0.0 0.0 0.0 
0.1875 0.0 0.0 0.0 
0.3125 0.6094599259897795 0.061747662723833585 0.0521556275771512 
0.4375 0.659368337081902 0.08903202123570975 0.0816423490754219 
0.5625 0.7230766734164562 0.10613152545063687 0.115338711937645 
0.6875 0.774903117107747 0.11739408440661014 0.14331441418078938 
0.8125 0.8249137404758919 0.1493656175598419 0.14527935798341352 
0.9375 0.8423590914373706 0.1764692207421389 0.18432882683688856 
1.0625 0.8259971433267659 0.16415596096894303 0.20008098144145103 
1.1875 0.7917466956748092 0.1578215275713547 0.1812354897575651 
1.3125 0.7903519102960336 0.13954348716511478 0.224826961117207 
1.4375 0.7709328517087009 0.12099629604102491 0.18473888373595093 
1.5625 0.8619618903025443 0.22170921981460778 0.22918937593210642 
1.6875 0.7962699647529066 0.1604091097915591 0.15618698321681157 
1.8125 0.7798751570418889 0.11412479337255221 0.059720790759141495 
1.9375 0.6902868743175188 0.22656374881580266 0.46373357173481433 
2.0625 0.6396851246349758 0.16743210191802282 0.143753003478872 
2.1875 0.0 0.0 0.0 
2.3125 1.408415406169309 0.0 0.0 
2.4375 0.0 0.0 0.0 
