1.0 1.0810528509049055 0.3143558937440676 0.3589736973625006 
3.0 1.0712905909443502 0.2227267027657781 0.277898007957154 
5.0 0.9627533583020672 0.19008971961443355 0.2399384029536561 
7.0 0.8420927658951318 0.11015318596841905 0.15959638744922855 
9.0 0.8292572455564586 0.11541882534546632 0.13699238122152535 
11.0 0.7902769502243849 0.2170913074312676 0.12410344938812379 
13.0 0.6047459772358433 0.06321132953048125 0.17048788432859874 
15.0 0.5853584881111547 0.05661684129427025 0.0697826763731011 
17.0 0.5823968206171527 0.06610863003523848 0.021556773875683333 
19.0 0.0 0.0 0.0 
21.0 0.0 0.0 0.0 
23.0 0.0 0.0 0.0 
