1.0 0.9141554755287812 0.32143418843299476 0.16144353299053715 
3.0 0.7433022734290525 0.3000276098714054 0.1823644701451842 
5.0 0.5551024598343592 0.12418556220337029 0.26249660888757376 
7.0 0.5993661949372288 0.14557000962185884 0.19997298943967767 
9.0 0.5619140278468266 0.10801411085822699 0.12562343478740956 
11.0 0.7924198610594668 0.28732335461548786 0.3460840540797776 
13.0 0.824428194769148 0.3374200148780506 0.2704678815260527 
15.0 0.9055411474938985 0.22507571736125964 0.12658250171930197 
17.0 0.7951484670144024 0.2621306966325001 0.3639178616393288 
19.0 0.9643332145856313 0.07559043798786957 0.07559043798786946 
21.0 0.6414961174070755 0.09129819264152539 0.04768306913670206 
23.0 0.8702103595129036 0.06142793768028998 0.4065783764847626 
