1.0 5.301626538915668 1.1418131450233284 1.2996318489584393 
3.0 3.975293258219336 1.0211804097091046 1.2324949583775857 
5.0 2.800267232875868 0.7220387879873766 1.0287883272340856 
7.0 2.2731542399737803 0.503077351596209 0.7017089617941221 
9.0 2.050029052297572 0.41070520656386567 0.5663114801427156 
11.0 1.8641185656013803 0.3572429968758788 0.5022177383998536 
13.0 1.715103327585393 0.32537292783718685 0.5080434763596466 
15.0 1.615802260820932 0.31692860475184914 0.4739215995528645 
17.0 1.5042549885903838 0.30290680023673144 0.40600313041596126 
19.0 1.4265203487602904 0.32847162592547297 0.31260465086219846 
21.0 1.3349907667139886 0.30192447561609326 0.4603447411020578 
23.0 1.261686445660276 0.22146142971338056 0.3836198121061509 
