1.0 5.879431376932447 1.0446015770602681 1.1522856862987156 
3.0 5.060261381691723 1.0725894532499365 1.1382155777999374 
5.0 3.889994465976093 0.9753075221115388 1.1962812478446576 
7.0 3.248597267952204 0.7791985401636015 1.0805721728977633 
9.0 2.7477542711907637 0.6236793291467904 0.7700239980356778 
11.0 2.54119288078767 0.5295907302078269 0.7632103361767792 
13.0 2.4017212436177564 0.5653782050567113 0.7129834061841054 
15.0 2.2361754751601137 0.47774843516652243 0.7088692577170552 
17.0 2.1572019948837022 0.5882614734744223 0.7713039889974196 
19.0 1.9566806150858866 0.4510249055762836 0.5988666409842769 
21.0 1.8976379318937595 0.3929765901220861 0.6319419892552678 
23.0 1.8936159065055227 0.6102542004675977 0.6586870855468527 
