1.0 3.872334049281306 1.1419777829162223 1.5583670479612572 
3.0 2.813296521729793 0.8787289702523378 1.0355144560872813 
5.0 1.8969370791950748 0.5260876351468518 0.905898210248735 
7.0 1.4483532640634103 0.31725902751660406 0.41007686643698626 
9.0 1.2297281927469244 0.26285086578310124 0.367622815220084 
11.0 1.116015409710419 0.23198745567088308 0.3395420124636246 
13.0 1.0696517195292208 0.30173061915923394 0.301162138966544 
15.0 1.0090138314318502 0.07748236090120109 0.178668365473589 
17.0 0.8703238753989843 0.10391477930447024 0.025684820802759134 
19.0 0.0 0.0 0.0 
21.0 0.0 0.0 0.0 
23.0 0.0 0.0 0.0 
