0.0625 0.0 0.0 0.0 
0.1875 1.1080250136236791 0.2242503303197515 0.3237040681830523 
0.3125 1.1627924851117188 0.25651510941994293 0.36360600123882914 
0.4375 1.3295924387351994 0.2891497224993289 0.35956186749700114 
0.5625 1.4400647602951295 0.3057799479307928 0.4108132917562377 
0.6875 1.574669170127252 0.3334358597069742 0.4507332095275207 
0.8125 1.7546402309889602 0.33038787789281754 0.4855609894411148 
0.9375 1.9289846325962667 0.35969263164950793 0.5174829421422724 
1.0625 2.172166669322234 0.417880119698415 0.5574082851735129 
1.1875 2.5172323841062907 0.5336597842986639 0.6112491228385468 
1.3125 2.689131269621529 0.3624974685295945 0.8201521319283671 
1.4375 3.3142144232239317 0.5943386872158416 0.6430970410661145 
1.5625 3.268927338378287 0.7371734588198917 0.8881363397396278 
1.6875 3.498803310048082 0.4345912393773115 1.1355088691997048 
1.8125 4.369451309444322 0.9723528495028755 0.857733820436196 
1.9375 5.265911133586829 0.42050834070649046 0.5612723954953927 
2.0625 4.500643110725855 0.0 0.0 
2.1875 4.526456265365336 0.38830143733599787 0.388301437335997 
2.3125 6.4047699146815145 0.04742380163383508 0.04742380163383508 
2.4375 0.0 0.0 0.0 
