1.0 3.9242232474438783 1.1361506781766653 1.3036784592293627 
3.0 3.0581842629254563 0.9235829823250827 1.1723939439751696 
5.0 2.157743488724351 0.5991628511124865 0.8902989575676581 
7.0 1.766557480331679 0.4220135304853281 0.5762797876055465 
9.0 1.5765424940583908 0.3617867205711953 0.4583105676805086 
11.0 1.490211365550566 0.3514818265604469 0.4072625339046183 
13.0 1.387124112671187 0.32142150349797904 0.3710757858884721 
15.0 1.2972380916136492 0.27920440707485406 0.3845123939582715 
17.0 1.22582992238047 0.256093212736487 0.31621917412563305 
19.0 1.1319205995658794 0.21333933197795152 0.32793893421278253 
21.0 1.0802852117842652 0.2059023756715923 0.29659717344988756 
23.0 1.0341308609997353 0.1973332309666712 0.2844729811221407 
