1.0 3.9293939922195253 1.1715094537114492 1.5944298077437011 
3.0 3.124766069947027 1.0009733128368956 1.3456947054601187 
5.0 2.2896670644912223 0.7011806404861092 1.1307375787692324 
7.0 1.9019285338828678 0.49444916577383924 0.8310659502797593 
9.0 1.7509775955847289 0.4492670376699941 0.6459917483874884 
11.0 1.662813479676307 0.43688055804749526 0.5928312012461898 
13.0 1.5583922418265697 0.3963321132305879 0.585652090106157 
15.0 1.4859827042721918 0.36431173034579456 0.5704711579129829 
17.0 1.3833878741891497 0.32749445358781104 0.4905924030824742 
19.0 1.335576827541435 0.3250398735619304 0.4693801341606261 
21.0 1.2522709414651225 0.3002339953691674 0.5185964435907133 
23.0 1.2190630276860386 0.2850691106867661 0.48068781697992646 
