0.0625 0.0 0.0 0.0 
0.1875 0.0 0.0 0.0 
0.3125 1.0053388763904594 0.23595389464400807 0.3373320975063485 
0.4375 1.0748964651329673 0.2084443634630333 0.34917779811442506 
0.5625 1.1633742464739494 0.24270981582767137 0.3339348568505036 
0.6875 1.2932033338072129 0.2704464238272679 0.3532336191445453 
0.8125 1.4165942039372337 0.2962983155352592 0.4225924094272051 
0.9375 1.588294539165977 0.31946647830028563 0.4623920822767493 
1.0625 1.779369755283744 0.4175267160434504 0.48481735947512083 
1.1875 2.0502469852336183 0.4983150870827562 0.5182977488603013 
1.3125 2.3183219692195403 0.5514976378007246 0.4031546057739037 
1.4375 2.7779784889927592 0.6708474692670992 0.7517641950492528 
1.5625 2.8302401930239105 0.3735042679892304 0.5597768729662205 
1.6875 3.110153897375164 0.40753361325729154 1.2722414751160196 
1.8125 3.5446592392713914 0.3575038085480675 0.7976671145078784 
1.9375 5.091527272774271 0.869039063913057 0.5853346388555725 
2.0625 4.284018002896491 0.5657678240408313 0.4100669415634979 
2.1875 0.0 0.0 0.0 
2.3125 6.291280666127425 0.0 0.0 
2.4375 0.0 0.0 0.0 
