1.0 6.176888405802459 0.9541242403840542 0.9263192136091938 
3.0 6.29413965236349 1.408528830165162 0.8047013699556604 
5.0 5.58278104055406 0.7324034963557349 1.1658155076083352 
7.0 5.551262521218699 0.8940297137114994 0.9040749240529999 
9.0 5.442035481170485 1.6549202859208139 0.7027529380462525 
11.0 4.931663387039606 1.3578604209727554 0.7913508508417166 
13.0 5.070059685154865 0.8167921101618143 0.4816858590225861 
15.0 4.162438024657773 1.3156278890746718 1.0951137273074387 
17.0 4.445556530093366 0.09947561477653721 1.0667923620104602 
19.0 4.085684732618546 0.6624452748521037 0.6624452748521046 
21.0 3.8094361671182 0.5924963046903984 0.8662903652455736 
23.0 3.9514016322559353 0.5619347901765752 0.7968130880062567 
