0.0625 3.371501503863829 0.9919130156856015 1.404161298539445 
0.1875 3.4985438872750336 1.029472688838018 1.2329651031516002 
0.3125 3.6112823406933687 0.9919207457003107 1.2911335009843317 
0.4375 3.809958512415297 1.0461071424188537 1.2655543783436602 
0.5625 4.070477220402626 1.2031755996901543 1.137258401641433 
0.6875 5.134856783565949 1.252449891993011 1.4125900113788274 
0.8125 5.296587649250272 1.1522285303334545 1.298535450032717 
0.9375 5.345326333843905 1.0437791188296357 1.2564587815311743 
1.0625 5.804513019958578 1.1339448927465474 1.1085226579976446 
1.1875 5.88545119837934 1.059267149145585 1.0879902951982707 
1.3125 5.805678235717313 0.8802461409580022 1.0676993341246455 
1.4375 5.869438490834551 0.9041172325573967 1.1951029055505495 
1.5625 6.140588681820832 1.0729309255666193 1.1936168819961415 
1.6875 6.301252958363765 1.014079066282819 0.7175239928482542 
1.8125 6.176888405802459 0.9958696152428539 1.5839265400447786 
1.9375 6.0220099199203405 0.7655360496142247 0.997528110217905 
2.0625 6.468452318906628 0.0 0.0 
2.1875 0.0 0.0 0.0 
2.3125 0.0 0.0 0.0 
2.4375 0.0 0.0 0.0 
