0.0625 2.701084423970028 0.8741453141051652 1.0955649862067665 
0.1875 2.730095167573637 0.8727480350445442 1.0511201251678242 
0.3125 2.8300011881712184 0.9392680483375626 1.0462184134839299 
0.4375 2.819379326877673 0.8995378863367554 1.1758844101654584 
0.5625 2.917415189230299 0.9096769864922591 1.1726402728802663 
0.6875 3.1778224833587627 0.93577392984675 1.3828516782685316 
0.8125 3.759088249488303 1.0502607446323466 1.1884202303724631 
0.9375 4.114507861658285 1.016524018608747 1.2189850738248698 
1.0625 4.567969342984437 1.1618592072521996 1.0902587518394782 
1.1875 4.852011064827582 1.0554799697816923 1.0341989801304736 
1.3125 5.258425666518183 1.238223235125269 1.0879474100743733 
1.4375 5.293425023730405 0.996549369003195 1.1970353828571447 
1.5625 5.320650558533321 0.6879203637201359 1.3620721730161698 
1.6875 5.8327400266602565 1.0292683203892627 0.821938417504426 
1.8125 6.53786997750394 1.6978709158716612 0.5632462134561305 
1.9375 5.756498387601222 0.794668456716142 1.4940089939248207 
2.0625 6.0790134715439 0.7778565351923215 0.8784985890941464 
2.1875 7.728488428675841 0.0 0.0 
2.3125 0.0 0.0 0.0 
2.4375 0.0 0.0 0.0 
