0.0625 3.2524694953061717 0.9960845535219938 1.3794804396254383 
0.1875 3.0791343321522384 1.0644035229838518 1.2491583312870485 
0.3125 2.742219706017354 1.2430717048136346 1.3585274065467172 
0.4375 2.0641861070027345 0.7875840188438652 1.6402591396414334 
0.5625 1.7597476542056207 0.5350575233909145 1.3179614871389198 
0.6875 1.890434398443011 0.5935927694804388 1.8650521348424443 
0.8125 2.189328192557448 0.7251274367737641 2.3008028892558707 
0.9375 2.549117795990236 0.8941723246482172 2.4401971152058137 
1.0625 3.009777615464899 1.119834626300557 2.5506670229651753 
1.1875 3.822491022426635 1.513342997412975 2.0494988758263206 
1.3125 4.269186487684039 1.6942921076863273 1.7392731984255976 
1.4375 4.559083388419327 1.5071301249782194 1.7301329023239287 
1.5625 4.7978395059841255 1.6697066937817233 1.8346955792681117 
1.6875 5.182635010347962 1.7375086408614697 1.2699366286415454 
1.8125 5.577361625982464 1.302553272750898 1.268492325175445 
1.9375 5.592964694696231 0.6624394270275413 1.2292201367852327 
2.0625 5.452090194819262 1.064250864967108 1.2226833113865965 
2.1875 5.471378052605311 0.41957278378539 1.4205777249778953 
2.3125 6.31315484802665 0.3573312642122142 0.09440470204509044 
2.4375 0.0 0.0 0.0 
