0.0625 1.6450354415022135 0.26860083368929955 0.5666436315708525 
0.1875 1.4956500139153273 0.37468792573315635 0.5799917257881211 
0.3125 1.5165836464034024 0.36763113416107895 0.5681565917891069 
0.4375 1.6628092285798197 0.40493130648405895 0.6111081507238407 
0.5625 1.7870282510423068 0.3961138869519696 0.5662052410355054 
0.6875 1.9572030308240318 0.4308601333384692 0.6466989602517039 
0.8125 2.1968716278350233 0.47020991235348686 0.6640156739429881 
0.9375 2.436469902545377 0.50097617222262 0.8285188507267076 
1.0625 2.7029670229410536 0.5959010709290622 0.9501337033304842 
1.1875 3.0720952891404583 0.683068613733401 1.0459503165105017 
1.3125 3.390444535498945 0.5875794320386198 0.988991152798719 
1.4375 3.6652875902119013 0.6260806863048289 1.0376150862070355 
1.5625 4.378800006383113 0.8695614542649688 0.7181886212256483 
1.6875 5.002041803330446 1.3189693853141238 0.32826258189472135 
1.8125 5.385510116810579 0.7452585462043686 0.7987007118515965 
1.9375 5.619225265491643 0.6833042265779081 0.8139440267717815 
2.0625 5.973891277602853 1.3769557677205393 0.6988979197651561 
2.1875 6.149717376058648 0.7584251548192196 0.6934419699433647 
2.3125 5.646170892448599 0.0 0.0 
2.4375 0.0 0.0 0.0 
