0.0625 0.7180322504683384 0.04743480662568411 0.19124705571784584 
0.1875 0.7314326501462156 0.12429585297284707 0.18491662535559406 
0.3125 0.7489315000724022 0.12647137035202116 0.14606493944363075 
0.4375 0.7651043833169168 0.1462303669418049 0.14341359020882227 
0.5625 0.7633215453813753 0.15420515837909576 0.18269787425186568 
0.6875 0.7527356338260481 0.144632110530013 0.1975394812345892 
0.8125 0.7361795046288302 0.13961660312743107 0.19236827020261704 
0.9375 0.7073554694907447 0.14701406604286327 0.21830891083925485 
1.0625 0.656513308956077 0.11635331263014281 0.1836592824017801 
1.1875 0.6630032550071474 0.11844248069643704 0.213613146582592 
1.3125 0.6359470010193584 0.1371369764409487 0.18823686812244378 
1.4375 0.6491343959337093 0.19137599186309528 0.3099172419368038 
1.5625 0.5630261039129343 0.14310999854147627 0.30501671052617185 
1.6875 0.5261136894957945 0.09896281058121359 0.1288322030546919 
1.8125 0.5648705984784026 0.13609251332123617 0.09331088158445033 
1.9375 0.3996837614862382 0.08396897666468894 0.4626496325790497 
2.0625 0.4198817977700871 0.0327438821413506 0.07431423214457938 
2.1875 0.605518863659773 0.057637653738979666 0.08909340702857549 
2.3125 0.27032220255732703 0.0 0.0 
2.4375 0.0 0.0 0.0 
