0.0625 0.0 0.0 0.0 
0.1875 0.7332978281644229 0.257758086236804 0.09859418567198164 
0.3125 0.5909167044436381 0.09873717282985361 0.21972962605328017 
0.4375 0.6098602273510791 0.10545733246440603 0.18656875133218942 
0.5625 0.6427119665800864 0.10883662716581588 0.13701532986972276 
0.6875 0.6623617425412857 0.10400039480152512 0.13930768977020136 
0.8125 0.6796821517778193 0.11569488030945374 0.14254067058558728 
0.9375 0.6925619675299206 0.11400776297849802 0.18541238536591487 
1.0625 0.7185424902385318 0.12375453980189088 0.19927920101608088 
1.1875 0.7504826212849114 0.14788945766309503 0.1693197137436484 
1.3125 0.6869137993315689 0.12825465392127366 0.20996699107250538 
1.4375 0.6586791951314349 0.15869964274114057 0.1667907700669532 
1.5625 0.639283385225255 0.1375724000983174 0.14089251361320043 
1.6875 0.6030027271506538 0.18398210806912413 0.2641362485545592 
1.8125 0.7754302854416474 0.2018360941984374 0.36906262345444263 
1.9375 0.8076556073841765 0.35727844403044484 0.05034224849167601 
2.0625 0.340372296697384 0.0 0.0 
2.1875 0.6701814124219484 0.04270728644234856 0.04270728644234856 
2.3125 0.3564720355267668 0.03454315290969573 0.03454315290969573 
2.4375 0.0 0.0 0.0 
