0.0625 0.8066015064116587 0.22040743613393976 0.25678308604131406 
0.1875 0.7949849476372295 0.2010378645200046 0.22877249025325308 
0.3125 0.7556230230442418 0.1816960479793297 0.21441986883135022 
0.4375 0.7263871667100874 0.16884084022081647 0.19570620812146833 
0.5625 0.6917970569133097 0.13655720133304394 0.1965343215758153 
0.6875 0.6880687833207224 0.13316086550761652 0.1799478669276401 
0.8125 0.6855158149305217 0.15125684402771555 0.19027840062860624 
0.9375 0.66782339900599 0.15472073129398223 0.20203239179790755 
1.0625 0.6840413464269041 0.16646075208170164 0.2126592558922037 
1.1875 0.6204585329198995 0.17612717081729456 0.21830361805417842 
1.3125 0.6734482153459657 0.17560364820485824 0.21304568022696613 
1.4375 0.5950151772184528 0.1925562421671672 0.3043653943275464 
1.5625 0.5523358240183709 0.15053557695188574 0.2188064621790985 
1.6875 0.710444862483713 0.25172883359069914 0.21333302981114954 
1.8125 0.4863898500373438 0.1364472359957885 0.2233462253435905 
1.9375 0.7177651022045579 0.3388758552401408 0.14282570066486366 
2.0625 0.5050573849015556 0.1704951585576467 0.37632115657797927 
2.1875 0.6073765794184947 0.07704170888471396 0.12565568140298178 
2.3125 0.3564720355267668 0.06918131519801157 0.46900543136367706 
2.4375 0.0 0.0 0.0 
