1.0 0.6299897216670948 0.18381425773218907 0.24655697358806283 
3.0 0.6403487010746173 0.18680737401254205 0.22996034141586597 
5.0 0.7264359164364322 0.1637270010128664 0.23024418201939 
7.0 0.7477146423150957 0.14162603903532078 0.2072394027213107 
9.0 0.7133462039561065 0.13199891456535262 0.18286823270272234 
11.0 0.6796607109555246 0.11711767004938056 0.16735774390988645 
13.0 0.6831065421805725 0.11374996288237571 0.14427342611945482 
15.0 0.692137959429199 0.11358266231553993 0.16118446103972406 
17.0 0.7060409197070351 0.11256162266085945 0.13350123984974838 
19.0 0.6798597059557258 0.1069097850612023 0.13926944844809241 
21.0 0.6510217415369236 0.12843764145464798 0.1350525582707408 
23.0 0.5974670516945924 0.09504853180254413 0.17168139128945814 
