1.0 0.7554434211946226 0.2630083144714594 0.30639862407848173 
3.0 0.7615548069782211 0.20824119234112815 0.2370069396607375 
5.0 0.7541407621512239 0.15397078391990526 0.20151066071644608 
7.0 0.7534011117357322 0.14486872822665375 0.1698931087099399 
9.0 0.7346680566472784 0.15012087403025665 0.17474643968265402 
11.0 0.6767023179659258 0.13107083535821495 0.17204707763595106 
13.0 0.6483298881850794 0.1113654559964049 0.1467135924100067 
15.0 0.6457963109854504 0.11045418079719338 0.15059826911133534 
17.0 0.6533651587665547 0.11024925431318011 0.12510115741868655 
19.0 0.6409997582697995 0.09931468266505372 0.13657018743495863 
21.0 0.6435988350988637 0.11988104585033144 0.12388428552403308 
23.0 0.608270712538018 0.09114862637672538 0.15092793516682057 
