1.0 0.6536967764141071 0.22907542478943177 0.26548052027544655 
3.0 0.5791721373775195 0.17925649931016574 0.25635964485725315 
5.0 0.6202304082880707 0.16809828655843 0.23639213593158936 
7.0 0.6562452059292332 0.13868188385307134 0.20528938920680762 
9.0 0.6762479263326928 0.1340883504969641 0.17392530517188165 
11.0 0.7085191436278463 0.1401185165180806 0.18266989497081476 
13.0 0.7184235983012232 0.12866757270811868 0.19443584254924173 
15.0 0.6931324854612162 0.1383810255347675 0.20529152796216998 
17.0 0.6535568560157754 0.10882494403933662 0.1863059872442523 
19.0 0.6468040877449572 0.1204387527348243 0.14154795833596145 
21.0 0.6005276768911869 0.08720550215502287 0.1360308090900969 
23.0 0.5990593615449691 0.06719412584282958 0.25416601360670277 
