0.0625 0.0 0.0 0.0 
0.1875 0.0 0.0 0.0 
0.3125 0.5306677915831097 0.06026227407699064 0.07661063752879593 
0.4375 0.5733556589144475 0.07612339334147339 0.08640020838317397 
0.5625 0.6148487509710475 0.0915570181860631 0.10913699476660543 
0.6875 0.6547681440447708 0.11538940552882615 0.12058946847988095 
0.8125 0.6814918884583175 0.1186266310087164 0.1400755050573257 
0.9375 0.6797111732917894 0.13290814581059862 0.16504108739214962 
1.0625 0.6610614445906463 0.11345522214282011 0.1827946536756052 
1.1875 0.6212410063390275 0.09454609728035013 0.13906688520100252 
1.3125 0.6509397177019726 0.1190850066513448 0.21118187602163951 
1.4375 0.5859584780105247 0.10953460989219077 0.17659192007817692 
1.5625 0.6095110318536385 0.11536054026932557 0.15737580159639974 
1.6875 0.6178841115813749 0.16449463474219134 0.10015570898972814 
1.8125 0.5787128123572639 0.0731359613201058 0.1874761266971502 
1.9375 0.6543441775945624 0.25741511487471613 0.2539102709943324 
2.0625 0.5368404040173845 0.13776674049132254 0.23811763366081762 
2.1875 0.0 0.0 0.0 
2.3125 1.211514399584024 0.0 0.0 
2.4375 0.0 0.0 0.0 
