1.0 0.7645558931090195 0.2707206378698109 0.30864371877334107 
3.0 0.812438090216971 0.1894178555784889 0.2247829738029259 
5.0 0.7911510515816592 0.14359058284401793 0.18354692786105353 
7.0 0.7215660124055687 0.11561195439273186 0.14956901174965642 
9.0 0.7267484008112461 0.11203767098667416 0.10702426096498174 
11.0 0.7104353702104451 0.20209994758776817 0.12303517913295037 
13.0 0.5500588315215413 0.08392183006555926 0.14524879719015427 
15.0 0.5329564569994695 0.053423212120969565 0.053127712816087524 
17.0 0.45247371166469935 0.03529135765435781 0.05818981611104718 
19.0 0.0 0.0 0.0 
21.0 0.0 0.0 0.0 
23.0 0.0 0.0 0.0 
