0.0625 0.8329753467475625 0.19376244725717928 0.2268883554792196 
0.1875 0.808651525103133 0.18533153561388382 0.21850099215127616 
0.3125 0.7861886396126604 0.18463786907365576 0.22964263521485095 
0.4375 0.766739905440167 0.18165836194010787 0.22393901920434656 
0.5625 0.7395284309269146 0.16730531766386814 0.21554914684032833 
0.6875 0.7044060808799852 0.17139762458980734 0.23890765603657993 
0.8125 0.6446614407855554 0.1895002474005058 0.22860059877712313 
0.9375 0.6375598281799661 0.17189733047075956 0.2227542450462735 
1.0625 0.5990166742404879 0.190561814234256 0.2241612952911941 
1.1875 0.56288503718776 0.15833899027720777 0.24388441441885855 
1.3125 0.675072565646957 0.22628904266809663 0.24495973469160437 
1.4375 0.48348824676202334 0.1415904567882944 0.26475835027512035 
1.5625 0.5401179136503259 0.15659297822953555 0.23963131577034313 
1.6875 0.7309478718145377 0.2407135634874129 0.27377724718291363 
1.8125 0.41470898723313965 0.1169444366319487 0.1528538169612108 
1.9375 0.7487829491976823 0.16136620161612625 0.14139507235851412 
2.0625 0.5955261664507336 0.2981882795120293 0.3491168985131926 
2.1875 0.3609414375482852 0.0 0.0 
2.3125 0.0 0.0 0.0 
2.4375 0.0 0.0 0.0 
