0.0625 0.8006616429019806 0.22636630432895333 0.2635370285710701 
0.1875 0.7873154738698063 0.22208680416141546 0.2434428821369381 
0.3125 0.7428879056678517 0.20237134475359408 0.2381526406391281 
0.4375 0.7285334906953101 0.18198868355893305 0.23388988509087982 
0.5625 0.68337747586239 0.18489288611880716 0.22185946711074245 
0.6875 0.6607681868013178 0.16558500707540114 0.2005666507624424 
0.8125 0.642512363708543 0.20514519235838502 0.2758429730737947 
0.9375 0.5725011592876176 0.152876788879089 0.21801725919569626 
1.0625 0.7831255379755562 0.2549107448542949 0.19433016258920854 
1.1875 0.490709539594132 0.12677585129806085 0.24341398730849328 
1.3125 0.6833436290335713 0.19757854391930585 0.19549806755042265 
1.4375 0.668439379317217 0.24088737899703022 0.3244585726033339 
1.5625 0.48599875290228245 0.11524382208217482 0.11156769876607209 
1.6875 0.8017135603451029 0.08100463536393132 0.15408366198713652 
1.8125 0.47571423088476444 0.11818828467582321 0.30501855760893787 
1.9375 0.720620887418578 0.18449227187610906 0.1144783012089825 
2.0625 0.8673294636755744 0.0 0.0 
2.1875 0.0 0.0 0.0 
2.3125 0.0 0.0 0.0 
2.4375 0.0 0.0 0.0 
