1.0 0.710549260700758 0.1835101138116928 0.24004380703215644 
3.0 0.7547872015627891 0.18737892902362407 0.23939901258578955 
5.0 0.7640805268951051 0.14511219661640418 0.190697969591771 
7.0 0.767529903693884 0.1397044720406606 0.15463297211219262 
9.0 0.7551797094025415 0.16273624591705538 0.1659461815428449 
11.0 0.6660656519138344 0.13114620347039285 0.17726877967415888 
13.0 0.6185028612968855 0.10086862804279273 0.12056954237472228 
15.0 0.6053019399088001 0.0894425165946986 0.11348224731918277 
17.0 0.6148487509710475 0.09149869273462452 0.10987269698258118 
19.0 0.6174679904300127 0.08787323592626561 0.11390785574252704 
21.0 0.6435988350988637 0.10323330280738974 0.11261707876284954 
23.0 0.6289881775000832 0.09729216779460659 0.0973236056304625 
