1.0 0.740061862878167 0.3580014067080701 0.1498534652227861 
3.0 0.47619247394949393 0.16954648298965075 0.2762881411999143 
5.0 0.4835467494821407 0.18207903058093966 0.19374502237948765 
7.0 0.5542524520404197 0.14945262711081675 0.1698859753517442 
9.0 0.4219632651238957 0.12286036270937462 0.22503435306572372 
11.0 0.6055044199073942 0.25789626438455465 0.2495876313751394 
13.0 0.6051896532845742 0.19604951978620777 0.287184325102945 
15.0 0.7772421750943236 0.18923425812855166 0.2725652050164381 
17.0 0.6863550179469236 0.19618454598173862 0.2811969759030978 
19.0 0.7205212765958775 0.0964297556822572 0.09642975568225731 
21.0 0.4392283337037436 0.06607036894727664 0.14308677483748766 
23.0 0.6392339578432062 0.09020583815776417 0.3078491387990461 
