1.0 0.8608166816379337 0.21800054139135439 0.25390196003175514 
3.0 0.9155656604118155 0.2215804771058134 0.2568952667249914 
5.0 0.9025195382248821 0.16308578309913047 0.20458030642735237 
7.0 0.8775196274029713 0.13823376375769802 0.1601794041077249 
9.0 0.8593543956655937 0.17220873102984235 0.1807888298438024 
11.0 0.7629212841240924 0.1453072441915526 0.18781669865602246 
13.0 0.7014818219511272 0.11357379289955616 0.13734712940935612 
15.0 0.6808675255843313 0.0998126605253069 0.11461479353162718 
17.0 0.6753200292651074 0.09474322219622977 0.12843559190331133 
19.0 0.6823103053331765 0.09818409351542767 0.12289743922661212 
21.0 0.6936427642222255 0.0973476054584046 0.09914240017390397 
23.0 0.6696156353850709 0.09121230873069941 0.09767444343318854 
