1.0 0.9497936467151991 0.3108598578845262 0.3424881483887805 
3.0 0.9740048531316645 0.21090744318357035 0.25759502623540276 
5.0 0.915981155144403 0.1862582890328256 0.2092966252700672 
7.0 0.7981432239744621 0.10838314965699936 0.13539176607504833 
9.0 0.8052958747838921 0.11687565441070324 0.11107990268196422 
11.0 0.7816272339737758 0.20961817610698497 0.0890923484762921 
13.0 0.5869421717395303 0.07696613294993604 0.12964695775402857 
15.0 0.5787895390839959 0.09133958408362503 0.08203040397000982 
17.0 0.5126409105127908 0.007804323658446188 0.028562884081777873 
19.0 0.0 0.0 0.0 
21.0 0.0 0.0 0.0 
23.0 0.0 0.0 0.0 
