1.0 0.7245239535614365 0.18952898457521772 0.25803341049914186 
3.0 0.7816923384875972 0.2291198347314778 0.26062123319750674 
5.0 0.8844253303837991 0.19485771273084462 0.24383517208226146 
7.0 0.9160180349671566 0.18260223159844513 0.20700132552018025 
9.0 0.8462386978868558 0.16186980175962185 0.19972203992616244 
11.0 0.8128217079600176 0.13884685484601966 0.1575196534134169 
13.0 0.8007843351901699 0.13474830434141305 0.17060769855043045 
15.0 0.8141908935011657 0.12739683388538348 0.15257929949464133 
17.0 0.8147191283823156 0.1334399290247421 0.14819100366454396 
19.0 0.7831217558241463 0.12520740622860504 0.13577072478704377 
21.0 0.7383410056473292 0.1197252088832561 0.1518565022109314 
23.0 0.6910912618672789 0.11361142281075098 0.13554023539260973 
