0.0625 0.9727619595137915 0.2524527983206072 0.27895489967914955 
0.1875 0.9538145070343035 0.22472700086934205 0.26178839692603184 
0.3125 0.8895288662919086 0.20256893270387877 0.24680515152582194 
0.4375 0.8518495377792776 0.20246680009603846 0.21884109156670783 
0.5625 0.8048466814811002 0.16614820031407884 0.22379563607166664 
0.6875 0.8020574152361966 0.15248041122501632 0.20707045305195115 
0.8125 0.8066663524038975 0.17398405843730658 0.20559014043484192 
0.9375 0.7961711052906917 0.17912805246282715 0.21650064207920305 
1.0625 0.8224661327151278 0.2058589939414276 0.23136620317847212 
1.1875 0.74511420675261 0.2110087699262463 0.24519389424982174 
1.3125 0.7982596564660814 0.20708772833743982 0.23207280765165528 
1.4375 0.6932671176413278 0.22681919378079823 0.312815017585662 
1.5625 0.6743318115677406 0.16706111257473222 0.210114103516708 
1.6875 0.7946320298745644 0.2687583999316281 0.28990089050078516 
1.8125 0.5589393448447736 0.1854565194336199 0.3249953728863494 
1.9375 0.7760474183836695 0.2929520722286489 0.3152839988827266 
2.0625 0.6112837655655132 0.18732900022165977 0.2754989252394072 
2.1875 0.6732418894520679 0.16354273802368635 0.28289755415591256 
2.3125 0.3939307931396894 0.05300589219052182 0.5260213259872984 
2.4375 0.0 0.0 0.0 
