1.0 0.8235230410654906 0.34016309373327797 0.23765448739316897 
3.0 0.5773541051846736 0.20184416157098845 0.2761708892442293 
5.0 0.4970059423207861 0.12808025459809302 0.3055810940066179 
7.0 0.6221363985995352 0.14624794183674877 0.24497629912355012 
9.0 0.4362359404621637 0.10958567686733917 0.23654794965524267 
11.0 0.8074491826659795 0.29780823762021824 0.22159027412735677 
13.0 0.6844046649957609 0.2366938781680223 0.4758562107990907 
15.0 0.9753035418927131 0.3412718049399337 0.1449478499438729 
17.0 0.7966942588200328 0.2739378986837019 0.35683835466376723 
19.0 0.753234725497729 0.05201336297919634 0.05201336297919634 
21.0 0.5511298053941714 0.10548526180796453 0.0645288769023501 
23.0 0.7966332902168834 0.06016524225220243 0.338880318395956 
