0.0625 0.0 0.0 0.0 
0.1875 0.7717483105485667 0.20891928370332957 0.10439951978802853 
0.3125 0.6619511638241505 0.11276691711503328 0.20226333685872022 
0.4375 0.6931175748633215 0.11272371976642515 0.2000032669967442 
0.5625 0.7267452507993057 0.11753879196195172 0.1572817578810557 
0.6875 0.7689694403930963 0.11845830363660048 0.14379256421528952 
0.8125 0.7950352011663918 0.1306199673722106 0.1651100499139707 
0.9375 0.8513223764390221 0.15168454869773962 0.17505535764643843 
1.0625 0.8851535617293287 0.1520185680122903 0.24156078127647485 
1.1875 0.9106337964394007 0.16520906318868567 0.1914826346229881 
1.3125 0.8609417741838243 0.2021629384861765 0.30124864431885534 
1.4375 0.748424649490075 0.17059034235772008 0.2724304484015896 
1.5625 0.8177619764289321 0.15983132043961334 0.17114847045419024 
1.6875 0.7081970108264845 0.204142974976382 0.3441934495840281 
1.8125 0.9615213567446608 0.4054646827439643 0.16745747173258496 
1.9375 1.0081596882799304 0.49719177022715055 0.23814453244664469 
2.0625 0.4023189192409158 0.0 0.0 
2.1875 0.8974066773339822 0.1455657042457834 0.14556570424578363 
2.3125 0.35484565426053727 0.03498089091204193 0.03498089091204193 
2.4375 0.0 0.0 0.0 
