1.0 0.9356338206815522 0.3020792462016366 0.34097828960403054 
3.0 0.9156219078754423 0.2384164242853477 0.2662308198912028 
5.0 0.8938011422884472 0.18055721245340606 0.21334240061655574 
7.0 0.8748308518630488 0.15265441477903074 0.1748726223497914 
9.0 0.8503301667738741 0.16911928053369052 0.18951030589893514 
11.0 0.7893934894700813 0.1519051256450792 0.18173704047963346 
13.0 0.7493800729223582 0.13775262418640222 0.17302946073979097 
15.0 0.7402024435350116 0.12465074141167731 0.1770962079770655 
17.0 0.7397262898336441 0.12913439577845898 0.15080994263086056 
19.0 0.7386755278551367 0.1308782698194796 0.1401059966829269 
21.0 0.7140401003488616 0.10420832983838269 0.14031534779887322 
23.0 0.6845551112338315 0.10502969841658383 0.1332961585680763 
