0.0625 0.0 0.0 0.0 
0.1875 0.0 0.0 0.0 
0.3125 0.563993609803366 0.04548027934346188 0.10834384253900509 
0.4375 0.6229755929535192 0.07472931843426589 0.08373598397017634 
0.5625 0.6839700107816294 0.09712640658126848 0.09763760569646496 
0.6875 0.7361961393294898 0.11989609822334735 0.12130342025633567 
0.8125 0.7759999832131275 0.12911081647643852 0.1523961486378621 
0.9375 0.791665081177828 0.1553118572841361 0.17654340695682946 
1.0625 0.79012883763787 0.13863022669050784 0.20277069514758328 
1.1875 0.7758154808072051 0.15511918841739558 0.14606678370468829 
1.3125 0.8222107340511545 0.190303935057055 0.19123067498292434 
1.4375 0.7173594377774681 0.10963394927011505 0.1693488570064683 
1.5625 0.7542345462123046 0.1342110485213056 0.24906557917624905 
1.6875 0.7282066125242472 0.18411807396178148 0.2567294306744976 
1.8125 0.6767444858224402 0.03114492829374471 0.06451616658154935 
1.9375 0.6261558892316719 0.1305663378083195 0.2966214228312827 
2.0625 0.6549427688206513 0.1259885184504651 0.21918941750786347 
2.1875 0.0 0.0 0.0 
2.3125 1.3941034836479975 0.0 0.0 
2.4375 0.0 0.0 0.0 
