0.0625 0.8411794692483066 0.06673364416326244 0.16686647848099923 
0.1875 0.8196197688887205 0.12669439017779194 0.1768565563219031 
0.3125 0.84159037878952 0.13291936552979644 0.15010102346725018 
0.4375 0.8689382596490849 0.14726206003717424 0.15691062364027153 
0.5625 0.8893147243299462 0.17138347329901238 0.18690549822271074 
0.6875 0.8889154127203485 0.1674854345331589 0.21754740263473216 
0.8125 0.8886225649573347 0.17787664182805185 0.20521157824886194 
0.9375 0.8649445463954002 0.1774592034259067 0.20225900079850323 
1.0625 0.824464789470113 0.168488958663065 0.22603292045854928 
1.1875 0.8044338813971925 0.1818359791145303 0.18362258029350698 
1.3125 0.7830722096671191 0.20262116864519708 0.22616682306818314 
1.4375 0.8072063734474968 0.26867846484013636 0.36742067926664546 
1.5625 0.7233633834145076 0.2027583393972031 0.23546914047235334 
1.6875 0.6499749201307198 0.24838736466295364 0.043731995593346285 
1.8125 0.6128436103950138 0.20726003557213712 0.19749236547399085 
1.9375 0.6102651505011522 0.20096783988619138 0.2920023546703838 
2.0625 0.46300290497092833 0.09266704061462278 0.04213049172014505 
2.1875 0.6288125684451074 0.08222102571302314 0.18817046950790517 
2.3125 0.38157344538348575 0.0 0.0 
2.4375 0.0 0.0 0.0 
