0.0625 0.9702754006137124 0.26343331050362573 0.2816809108236973 
0.1875 0.9518976813353619 0.2461612702252297 0.2723397876674032 
0.3125 0.8937694767157376 0.22343711736964122 0.25948404932041114 
0.4375 0.8824303953737491 0.21427733014950767 0.24296182618927764 
0.5625 0.8134919023311227 0.21124058839650695 0.26652972230365624 
0.6875 0.7713770669989026 0.1824723473030868 0.21300375783002723 
0.8125 0.7318702215098549 0.20476550472467714 0.27963677197043046 
0.9375 0.6692643547207167 0.16908128343054019 0.23575957611914988 
1.0625 0.8463953352303605 0.22848061707128897 0.21246395432772058 
1.1875 0.6095702155687854 0.1621019013319726 0.261082971798584 
1.3125 0.7506748977374345 0.19116169480766276 0.2173264854122624 
1.4375 0.8179913240866566 0.35930889558990253 0.2562926236645383 
1.5625 0.6156760085498247 0.17366888193957658 0.10353620202282943 
1.6875 0.8967268712086378 0.09956901319652722 0.27128180315372386 
1.8125 0.5330457000823254 0.1265233004247267 0.4299913016522403 
1.9375 0.7738800011076862 0.14482160163108604 0.3124844853618608 
2.0625 0.9643745181744554 0.0 0.0 
2.1875 0.0 0.0 0.0 
2.3125 0.0 0.0 0.0 
2.4375 0.0 0.0 0.0 
