0.0625 0.9894247099780079 0.2108056133064541 0.2598224139059312 
0.1875 0.9738207225329611 0.21320398528685292 0.24784726183422223 
0.3125 0.9409235150303094 0.20739545882111265 0.24673042706790882 
0.4375 0.925176350048637 0.21114392634290724 0.2464073182208204 
0.5625 0.8960773075473561 0.2005998773460559 0.2356831315655442 
0.6875 0.8587803049582132 0.2092730113126311 0.24830146943092823 
0.8125 0.7967612738943163 0.23991502347108595 0.25939226916827496 
0.9375 0.7685272720601775 0.211983075441999 0.24502217830109174 
1.0625 0.7114123243494908 0.20526597150081527 0.321749875745291 
1.1875 0.643125628188747 0.1636853328035326 0.2838682096894729 
1.3125 0.7841053301815847 0.20033280406951315 0.24180917442306626 
1.4375 0.5557309930250396 0.1790069932799525 0.2139291253632014 
1.5625 0.6090380872536276 0.1632266336964276 0.22312005231880683 
1.6875 0.799377510437435 0.3077011348923628 0.2941372028760014 
1.8125 0.46443695379798045 0.09762050430317232 0.22655896021983002 
1.9375 0.8430895584837437 0.16992811784470074 0.11431259549567474 
2.0625 0.6821423400692035 0.1500854673800488 0.21295477482972147 
2.1875 0.461513372089209 0.0 0.0 
2.3125 0.0 0.0 0.0 
2.4375 0.0 0.0 0.0 
