1.0 0.7573680485595932 0.24451394343398125 0.24817772657203008 
3.0 0.6774489889004405 0.20046603880014546 0.28666510173513227 
5.0 0.7496300023488667 0.19871429175881627 0.2681718505599111 
7.0 0.7993660532581004 0.17794184421650305 0.23587985817487156 
9.0 0.8245318041448566 0.2017258719589402 0.2235170772528361 
11.0 0.8719541931672272 0.16565957741253856 0.22422050559439244 
13.0 0.8853448548726239 0.18664074030318312 0.23180265043603399 
15.0 0.8442840024624807 0.1700569681965861 0.23343178210521054 
17.0 0.8197167018836647 0.16606708339264598 0.18684582425726426 
19.0 0.7962024004694247 0.15481180583619336 0.14329283821875194 
21.0 0.7394596827579649 0.11900619444801352 0.11719137297555104 
23.0 0.7022534772314925 0.10402368976582288 0.26735783412218683 
