0.0625 0.7975361010936307 0.052460878409032685 0.11638113016260243 
0.1875 0.7606322736919254 0.12125817798313854 0.17213962123761306 
0.3125 0.772636024513894 0.1299916745112597 0.14441978307585313 
0.4375 0.7782497873239298 0.14204597248329143 0.15428935120420662 
0.5625 0.7805647241817628 0.14090512403626942 0.16581598272394216 
0.6875 0.7744718765912273 0.1489297457531289 0.19337513717891275 
0.8125 0.7549782380473289 0.14124920005537767 0.20522469654645992 
0.9375 0.7168831252782696 0.13556980571948174 0.1877947400333898 
1.0625 0.6772776189504676 0.12451564800050507 0.19540341268336758 
1.1875 0.6737005732507908 0.15187119925828663 0.19558070158615393 
1.3125 0.6348152988096958 0.15741914268615065 0.20108533890629265 
1.4375 0.6357389915469844 0.17766934824378522 0.21504914004756115 
1.5625 0.5343609674734913 0.11512765514600876 0.338004143956548 
1.6875 0.5073823732543824 0.1439225892242924 0.16671061574915802 
1.8125 0.4663866575880009 0.11363639523058261 0.1211806503423436 
1.9375 0.46522293079148314 0.1878347564219316 0.29973787299551635 
2.0625 0.3933725193388969 0.01913242762943379 0.08366422395201717 
2.1875 0.5810290279413574 0.0690155020244484 0.08200154020512163 
2.3125 0.21168460278991483 0.0 0.0 
2.4375 0.0 0.0 0.0 
