0.0625 0.8634667022240969 0.20624356812431444 0.2237921736026085 
0.1875 0.8341404218426505 0.19958221211366545 0.23283056155001636 
0.3125 0.8092981657121324 0.19512236089604107 0.23231360627981845 
0.4375 0.7781447808084603 0.1771330141882863 0.2348569928174835 
0.5625 0.7566916959563315 0.17309162021452928 0.24256605452459745 
0.6875 0.7150017766607519 0.18012053932881789 0.23920973656927091 
0.8125 0.6466516113355946 0.19946525215699806 0.23690116013745166 
0.9375 0.6335187778992493 0.17331609430988765 0.23980724638613693 
1.0625 0.5951814611997046 0.19615700278235076 0.2559000972984472 
1.1875 0.5457874447415993 0.15653479788998204 0.17360938519505298 
1.3125 0.7096181409434258 0.2719266038320179 0.22118768527829802 
1.4375 0.4714883124422966 0.15911692709601533 0.16037774392685378 
1.5625 0.5197759141563045 0.118741541957187 0.22111438826300744 
1.6875 0.7659234274665937 0.3794572997225989 0.23676980379154278 
1.8125 0.43895103931223767 0.13379946148206634 0.10121597009415195 
1.9375 0.7229580419654281 0.1705838721530435 0.2614103295018676 
2.0625 0.5605486053281127 0.19232755148533281 0.3792913629356912 
2.1875 0.4813628901950037 0.0 0.0 
2.3125 0.0 0.0 0.0 
2.4375 0.0 0.0 0.0 
