1.0 0.6608244303650521 0.24298178166091738 0.27280459414121205 
3.0 0.5712731295398495 0.18500985198874909 0.2718679867110695 
5.0 0.6138954553621456 0.1603320429776106 0.21079347368920687 
7.0 0.6751226843765452 0.16768162027772282 0.18349590587744602 
9.0 0.6909749525639339 0.15372503109554014 0.1890491051094828 
11.0 0.7160944419202627 0.13691837268763973 0.1789144651281468 
13.0 0.7405500999733323 0.15441345209919166 0.16201634447021818 
15.0 0.694196863415484 0.13778309306207426 0.18666861197698015 
17.0 0.6994181030581011 0.11445114851437332 0.14912570785109902 
19.0 0.6733513141924421 0.11310057758881298 0.14542168079562878 
21.0 0.6260702186368794 0.11314636454888072 0.18297385934004395 
23.0 0.6538084965707273 0.10881354338989091 0.15893797060972903 
