0.0625 0.8241872270339241 0.23714777956482214 0.255326521006074 
0.1875 0.8115758250674873 0.21277674012851222 0.24047279297676327 
0.3125 0.7752304447347355 0.1920393226364291 0.2112418646608314 
0.4375 0.7401769465360094 0.16549767567985296 0.20215682121335576 
0.5625 0.7162072881469985 0.14176914521189277 0.1832614259459706 
0.6875 0.7079036617787813 0.13786107219944743 0.17809309525494665 
0.8125 0.7008574019441087 0.15629172053403428 0.18964719639458893 
0.9375 0.6764789353159956 0.152066094381218 0.19632233472321914 
1.0625 0.691362115918489 0.16974123723571288 0.21822608306470093 
1.1875 0.6164296528219697 0.18533003356291183 0.21319270985544436 
1.3125 0.6808333781271867 0.18454295018533573 0.20622704869629072 
1.4375 0.5595088160209797 0.16469845214360807 0.3132447555145208 
1.5625 0.5435512715715394 0.13033130734631732 0.2063275002923377 
1.6875 0.7435588238641407 0.31311689166201223 0.2229460286688073 
1.8125 0.48887854536641034 0.1418141668501245 0.16284182109344697 
1.9375 0.7189055196932529 0.2920395354960366 0.18209444311988077 
2.0625 0.4972273002446683 0.12220390026951417 0.4393011667290596 
2.1875 0.5597199310090514 0.09672923782281523 0.07847364692671155 
2.3125 0.31658615035518783 0.06524602387955808 0.5143466731569823 
2.4375 0.0 0.0 0.0 
