0.0625 0.0 0.0 0.0 
0.1875 0.0 0.0 0.0 
0.3125 0.5389425346438423 0.059918061860802174 0.07265394072323139 
0.4375 0.5759997662088724 0.07195786135587967 0.07971696575868858 
0.5625 0.6213914449422137 0.08836729362779316 0.11029968667235057 
0.6875 0.6590465118934691 0.10637224589675454 0.1224833875481518 
0.8125 0.6870906563804732 0.11546061020352105 0.1305794129976111 
0.9375 0.678204242938495 0.11315004805137585 0.16433620187611797 
1.0625 0.6801092891327266 0.11736628538976634 0.17684679602252618 
1.1875 0.6495136068419193 0.11274889255547615 0.14342699923395708 
1.3125 0.6477404012911341 0.09798241426028587 0.19528074308640342 
1.4375 0.6040133710241726 0.09789907220177652 0.16754102796673964 
1.5625 0.6275900047978635 0.13310603460333398 0.2128802894121472 
1.6875 0.5991293671916379 0.15060677907406372 0.16814275797868772 
1.8125 0.6064523025961847 0.03988598971537116 0.06002611737132357 
1.9375 0.6408919719719448 0.21679590782353314 0.27830005152603443 
2.0625 0.601393126945281 0.14881016582798984 0.28380344029435667 
2.1875 0.0 0.0 0.0 
2.3125 1.2851427926847374 0.0 0.0 
2.4375 0.0 0.0 0.0 
