1.0 0.7866334062701731 0.3782447786639475 0.14249441169870047 
3.0 0.4826785563584866 0.1551252632788212 0.25977197778844235 
5.0 0.4813628901950037 0.12488217221404213 0.17753049150035255 
7.0 0.46884998054947885 0.0750105367427299 0.2542526335400282 
9.0 0.40109677620021705 0.11887018945305716 0.15462826386864265 
11.0 0.626334079094519 0.21030923492432824 0.15647761650231085 
13.0 0.631851220922073 0.2664314424679 0.42233611842492946 
15.0 0.674315450457476 0.16088715133436882 0.3218820333533936 
17.0 0.7178534544495265 0.29103175970870726 0.052823865837965944 
19.0 0.7491100089456071 0.11327807088972441 0.11327807088972441 
21.0 0.5558992443929522 0.07502866875877084 0.0772776211446855 
23.0 0.8200855664557405 0.14527061942449793 0.07690318681227692 
