0.0625 0.8158850291275539 0.24132848652729177 0.2629878100278584 
0.1875 0.8016564148749985 0.23713282751300413 0.25020592594068014 
0.3125 0.7515513309415975 0.20798765239686035 0.23078622937377546 
0.4375 0.7391992108854073 0.18500357622181374 0.22643817144048084 
0.5625 0.6771600402419382 0.16557814848904462 0.19738086665125143 
0.6875 0.6692261732305842 0.15954223481560947 0.18560557650779674 
0.8125 0.6387211240087313 0.2191456137678739 0.27437512023112354 
0.9375 0.5688573034588782 0.13924244499062105 0.18453161829077036 
1.0625 0.7974027094592903 0.27605437964329516 0.2194884067105275 
1.1875 0.4897406332009756 0.12900687813153416 0.18715272668891592 
1.3125 0.6817173607662269 0.16775193595706572 0.1754232373429564 
1.4375 0.6271720415863092 0.24038973637923505 0.3594771077992919 
1.5625 0.5105184750215614 0.1130822732757536 0.14656015734892047 
1.6875 0.9072805444550539 0.10316587436435765 0.12671279007682779 
1.8125 0.4517245303280095 0.07251635195847039 0.15352955675867086 
1.9375 0.7866334062701731 0.24606542424194155 0.10473440715664939 
2.0625 1.1103093380940463 0.0 0.0 
2.1875 0.0 0.0 0.0 
2.3125 0.0 0.0 0.0 
2.4375 0.0 0.0 0.0 
