0.0625 0.0 0.0 0.0 
0.1875 0.6633023827285981 0.1655143183116181 0.12449804623660399 
0.3125 0.6242206260192801 0.10844895798418208 0.16079743236056476 
0.4375 0.6462857851577145 0.10718722549280424 0.15350799178419183 
0.5625 0.6719260277578594 0.10993319699029391 0.13885078061057654 
0.6875 0.6931170609934947 0.11363143135924925 0.14359357900219605 
0.8125 0.7116537556558313 0.11919044005961255 0.14814801862504123 
0.9375 0.7321111154229641 0.13073482170755812 0.1870432503807895 
1.0625 0.7213172419030092 0.12192283711139584 0.18183269094063848 
1.1875 0.7652227902145503 0.15471993689817976 0.15323314642219377 
1.3125 0.7253709116923027 0.16643566782802144 0.1466811486418319 
1.4375 0.6038600786465276 0.11913214066748667 0.2643788642763817 
1.5625 0.6210435366624141 0.1477593167320181 0.1551718055478276 
1.6875 0.627720181275546 0.21826678088832085 0.20098199255668459 
1.8125 0.7572131774618492 0.22902675673159956 0.2813037227742824 
1.9375 0.7390729145281754 0.14733667032170927 0.21032648726313852 
2.0625 0.407969685845595 0.0 0.0 
2.1875 0.48907372260843107 0.09911044607589037 0.09911044607589037 
2.3125 0.31658615035518783 0.0151543937896228 0.0151543937896228 
2.4375 0.0 0.0 0.0 
