1.0 0.6292089048153121 0.18772673055555522 0.23479933164953304 
3.0 0.6347378077282071 0.19120702948436935 0.24712968860395734 
5.0 0.7261159552814815 0.15552278525825247 0.24730668693510016 
7.0 0.7651447599724417 0.14572597747504223 0.19857957055562825 
9.0 0.7355014229712051 0.13867564447133163 0.17895769808093653 
11.0 0.7232864109702709 0.12281377267495963 0.15545083598800424 
13.0 0.7083383259780219 0.11619972261853717 0.15897711062373843 
15.0 0.7158886127623796 0.12022265971821833 0.1398996910161705 
17.0 0.7042558927566094 0.1118525149524503 0.12415793744830594 
19.0 0.6974702018340658 0.11790144349256038 0.13035802503370453 
21.0 0.654389400841879 0.09731236316064396 0.14038136486433306 
23.0 0.6282029306881903 0.0937961950771321 0.1095022926710486 
