1.0 0.7668049983966649 0.28062159277540233 0.3192281173831415 
3.0 0.7755539917716272 0.21906447708444288 0.24847393512418958 
5.0 0.7764220786845153 0.1587943555759611 0.20250814592590793 
7.0 0.7688932950971504 0.14012625010874336 0.16827737424094524 
9.0 0.7533883134249073 0.1513399776729697 0.17222629060165884 
11.0 0.7039754233269179 0.13077523388690915 0.16333701349110652 
13.0 0.6750176560611182 0.11467294644555359 0.1514659357058975 
15.0 0.66013466421073 0.1059152971859979 0.14634254624156418 
17.0 0.6630342633397385 0.11133584609095282 0.12766098328226338 
19.0 0.655349437471556 0.10578859958324582 0.13018112610168553 
21.0 0.6361979574474127 0.09524759553101425 0.12785300661878007 
23.0 0.6260817378408468 0.09424100115618683 0.11381634145431296 
