1.0 0.7764001512836065 0.2898354543381713 0.3225863076627644 
3.0 0.8407988293074151 0.20692568306211145 0.23121047120896732 
5.0 0.8192503108373352 0.152691365825681 0.19546419888803745 
7.0 0.7490493422366349 0.11152773156964768 0.1287317430671966 
9.0 0.7396962691476066 0.11475880918953063 0.12332026698568643 
11.0 0.6732418405541656 0.1315122806419694 0.1212103089660943 
13.0 0.5707024562625717 0.07867398343963106 0.1122782819398559 
15.0 0.5766352533849235 0.1268239243859156 0.04054372982936405 
17.0 0.4826431461646041 0.014971161548160639 0.022104445261744432 
19.0 0.0 0.0 0.0 
21.0 0.0 0.0 0.0 
23.0 0.0 0.0 0.0 
