1.0 0.7175248826804288 0.18169987487290717 0.22882775933863408 
3.0 0.7676247830842332 0.19206620869916458 0.24853055580925265 
5.0 0.7889151879813248 0.14603406567832478 0.19144249311008743 
7.0 0.7825793439443388 0.13209544508074078 0.15971765549548822 
9.0 0.770070423914794 0.15623499228636684 0.1645309468925653 
11.0 0.6926824983285353 0.12710570791549824 0.16303054008627116 
13.0 0.6485879360892591 0.10591159234424974 0.12661677986469844 
15.0 0.6282147552960724 0.09141784078331583 0.10911066846309492 
17.0 0.624173453915583 0.09180474085722035 0.12167614116965131 
19.0 0.6273855885913505 0.09254954123450165 0.11308894196357777 
21.0 0.6178864752792925 0.0739708531846538 0.10596588382125949 
23.0 0.6102323107752897 0.08213028712346704 0.10782454296129118 
