0.0625 1.0247413735987485 0.09063717387929315 0.21620008544785563 
0.1875 1.0068500290863127 0.16272717955759752 0.15718007758127173 
0.3125 0.9922262085487883 0.14475822796177806 0.16506656971052913 
0.4375 1.0233728767127164 0.15376584659122505 0.16878609235899122 
0.5625 1.0516926581210926 0.16345712965199743 0.20202462292509593 
0.6875 1.076189884617566 0.17874209224870807 0.19355330656170544 
0.8125 1.109342875590457 0.18880508835794696 0.20948005210059617 
0.9375 1.1153496913839336 0.21292446014216682 0.24433944153968667 
1.0625 1.0846275294954117 0.21749683336110048 0.2927338000509485 
1.1875 1.0583182510544478 0.21596583388641322 0.2581316776687248 
1.3125 1.079195669007437 0.2973639115293196 0.2979203485660138 
1.4375 0.9769264916013257 0.22438954643970233 0.5627656060617864 
1.5625 1.0463821280333454 0.29326767231186135 0.6061359535802902 
1.6875 0.8201482075819758 0.17311433006046206 0.3780626765650198 
1.8125 0.7007843087324674 0.06675069649474297 0.15794852325393738 
1.9375 0.7717195690230993 0.22349629832971352 0.1940253316267282 
2.0625 0.5272644657636902 0.11743256291217086 0.4744685154793682 
2.1875 0.7032724736772473 0.026207524954681705 0.7414747727520252 
2.3125 1.879167726067019 0.0 0.0 
2.4375 0.0 0.0 0.0 
