0.0625 1.2327891753424463 0.27735943506669924 0.32460250822131775 
0.1875 1.2042506547182228 0.2612468532178708 0.3271606680981267 
0.3125 1.1699600378775834 0.2677240117141545 0.35798518391555323 
0.4375 1.1335668306763498 0.25438552225982314 0.3503970365023432 
0.5625 1.0732156809744424 0.24529757817237352 0.37484768943056723 
0.6875 0.9939453947432996 0.24130344323949982 0.369410369395594 
0.8125 0.9573538931747269 0.24014021317300038 0.39959392363603363 
0.9375 0.9234868044947405 0.24663096473537927 0.39704524782784023 
1.0625 0.9725146883555461 0.24976171570802141 0.26457686122930124 
1.1875 0.9184230914656484 0.3053262510843021 0.45289296703683823 
1.3125 0.9360302564762979 0.23067544228720605 0.3810044349076298 
1.4375 1.0203650658171672 0.31899739756173084 0.5533505129708516 
1.5625 1.006391165881511 0.2924870438988173 0.4378571878708801 
1.6875 1.1628653350437865 0.2605422401837414 0.4691312620546273 
1.8125 1.076445120896477 0.5349248089080083 0.1344240211029335 
1.9375 1.2630007786059192 0.5147031069640053 0.20646213340916852 
2.0625 0.8316819554904049 0.0 0.0 
2.1875 0.0 0.0 0.0 
2.3125 0.0 0.0 0.0 
2.4375 0.0 0.0 0.0 
