0.0625 1.196407615716847 0.2185180608999584 0.2916468903251046 
0.1875 1.18250359611044 0.23033754753543867 0.286464408409149 
0.3125 1.1665742566656965 0.23447627209079602 0.2818177878590924 
0.4375 1.1468736764406802 0.23619438917893187 0.2816302215225319 
0.5625 1.1266099607664661 0.22465961578823834 0.28885231402452227 
0.6875 1.1003320513720536 0.23080272712300953 0.32410292594152623 
0.8125 1.081975164552255 0.278725798403861 0.40258689361089206 
0.9375 1.044231220867271 0.2806797515445544 0.4286948535063877 
1.0625 0.9799675026638099 0.2277102811722529 0.4067496543715201 
1.1875 0.9427855036729096 0.24942560828545868 0.3729190690636306 
1.3125 1.0267237030062366 0.27696394112467393 0.3671798043415673 
1.4375 0.8619164793097378 0.2634669343037608 0.42988108645672907 
1.5625 0.8607126349454424 0.24860284051574488 0.3214372434925745 
1.6875 0.9981904240742971 0.28037801266034135 0.31101558026055054 
1.8125 0.775359948125858 0.11715810442742625 0.3397792529597481 
1.9375 1.1442724482680333 0.4155233520043995 0.30452557492032195 
2.0625 1.0778513968898202 0.24164900299793912 0.1126692517505361 
2.1875 0.6723771712334381 0.0 0.0 
2.3125 0.0 0.0 0.0 
2.4375 0.0 0.0 0.0 
