0.0625 1.224454255296117 0.26401427635404895 0.32065959723500637 
0.1875 1.1808880794326377 0.24406529365318175 0.3116819964961792 
0.3125 1.1024177397922845 0.2254992786767116 0.3135107030603397 
0.4375 1.0377170338821298 0.19614219297647573 0.26625120962294724 
0.5625 0.9932878812217852 0.166251890212176 0.25083297847107955 
0.6875 0.997063281290567 0.16705338206817832 0.22672562491189996 
0.8125 1.021525494779869 0.19422732253309483 0.24679300997685338 
0.9375 1.0319983356890854 0.21971282082921384 0.2818406470622363 
1.0625 1.029434127767634 0.2327023770675829 0.27327116122106254 
1.1875 1.0083216865191402 0.25444927909951864 0.3203604849245356 
1.3125 1.0338080203178046 0.2557019215030071 0.3238201696469887 
1.4375 0.9583893206397021 0.26277659356888017 0.4819525764419623 
1.5625 0.982521380380168 0.2727758896956608 0.3881963243722417 
1.6875 1.0138246645620579 0.24225688803193623 0.3180437723983496 
1.8125 0.846297592086022 0.20568021099510103 0.4883395720131568 
1.9375 0.9228515591779886 0.29518982391665205 0.46793348912987864 
2.0625 0.9165058602250327 0.36519862013557225 0.2758089165337976 
2.1875 0.7267206037581941 0.05228841451561106 0.9199050720589645 
2.3125 0.8419979868734443 0.41490796682078135 0.6973981782138089 
2.4375 0.0 0.0 0.0 
