0.0625 0.0 0.0 0.0 
0.1875 0.8866759951756142 0.12404522598563583 0.10753071770495204 
0.3125 0.868738606070152 0.10810236895023395 0.13409398227616276 
0.4375 0.9056208054458098 0.12008673558400462 0.14288694986236317 
0.5625 0.93428653599262 0.12854325042046377 0.14588423433085818 
0.6875 0.9659665357272564 0.12973598759210925 0.14931139869282672 
0.8125 1.0055639950467534 0.15705006029522584 0.16950010593807185 
0.9375 1.0602602008296351 0.1668548564366319 0.18808004792480792 
1.0625 1.0935214600459267 0.20285769893800054 0.20466818969926437 
1.1875 1.1199227421456277 0.20011085772777193 0.25134761479801937 
1.3125 1.0957618117720405 0.2268617940909553 0.28399033284024555 
1.4375 1.0324810034857161 0.252824048664795 0.40863373780882095 
1.5625 1.0778673759527861 0.1873065426542 0.29305552626445364 
1.6875 1.0171895543550626 0.2817135690849629 0.1594044846039313 
1.8125 1.1908275031841566 0.3114900328420894 0.48328408041061666 
1.9375 1.2447984521559836 0.3274640497654866 0.29710146419040195 
2.0625 1.880898564522645 0.0 0.0 
2.1875 1.2140640496813542 0.2810826362582214 0.2810826362582217 
2.3125 0.43038216029631887 0.055966384142149994 0.05596638414215005 
2.4375 0.0 0.0 0.0 
