1.0 1.2766747191205459 0.3191894319207558 0.3760334384976065 
3.0 1.1938977889121123 0.22850723486461588 0.28929036145889486 
5.0 1.0750782381382955 0.172498124994664 0.2067489406630274 
7.0 0.9760574653894025 0.13479990298747546 0.1571004200637196 
9.0 0.9390946479963056 0.12637467831558935 0.16053187758855247 
11.0 0.8832668064810751 0.09972388414809175 0.1161397438448507 
13.0 0.7996907720569711 0.08996329061936525 0.1930615048668678 
15.0 0.8196452866706533 0.05924773291524388 0.11930736901809247 
17.0 0.7488477065944283 1.536787127898176e-05 0.041380897819702 
19.0 0.0 0.0 0.0 
21.0 0.0 0.0 0.0 
23.0 0.0 0.0 0.0 
