1.0 0.9543478963128982 0.24087546368973256 0.37718492944549586 
3.0 1.0731390011857873 0.2953333588164947 0.41175175604790915 
5.0 1.1167848796293942 0.21657298959291205 0.277986462669257 
7.0 1.1302655689744483 0.19750070561343092 0.2208052401020777 
9.0 1.0766186454064774 0.18953896312100238 0.19719961379817086 
11.0 1.0226171163287885 0.15355156545032245 0.1823435970102043 
13.0 1.0091632232856351 0.1469243545264297 0.1705264935830928 
15.0 0.993314863225471 0.1574461625366833 0.16211324328497845 
17.0 0.9604443705850625 0.13803758695551815 0.15799993965836068 
19.0 0.9274675258841749 0.12581296846863244 0.1583817829273535 
21.0 0.9053065329174693 0.11736763416583962 0.1432116677440619 
23.0 0.8878506837440199 0.11471615261723178 0.12416775102574396 
