1.0 1.1081786396756383 0.3445758325289566 0.36095855183021874 
3.0 0.9163687156095196 0.2238447940164503 0.4197128756527996 
5.0 0.8386062045608572 0.2011532704069936 0.3559276898874536 
7.0 0.7167415238999432 0.20150326288896858 0.5931164763130642 
9.0 0.6970460503272331 0.19230092000345145 0.14230357880836353 
11.0 0.9293344027464575 0.2667618905180543 0.5686163087055801 
13.0 1.1481159537900973 0.3318224033808612 0.2627645547377291 
15.0 0.9576224651477497 0.1395456489667487 0.5026536336927047 
17.0 0.9348667201429408 0.11694319458503177 0.2468888458609202 
19.0 1.0277313576414744 0.08373975906578779 0.08373975906578757 
21.0 0.8670172589378017 0.3747539554159389 0.4918016095778984 
23.0 1.2758470969125155 0.23380176764297578 0.12273327868503525 
