0.0625 0.0 0.0 0.0 
0.1875 0.0 0.0 0.0 
0.3125 0.7907111866408671 0.09425347628905667 0.09689400337395349 
0.4375 0.8264901147693163 0.0817696948072586 0.0838121713510116 
0.5625 0.8461092915463214 0.0902957521245652 0.11401984923348663 
0.6875 0.8945208881103145 0.10520369703652765 0.128195756852152 
0.8125 0.9267878028451976 0.12014325190527853 0.1682711735200505 
0.9375 0.9718410569675728 0.16568751272005489 0.17167214300918365 
1.0625 0.9942791426083711 0.19049210881105427 0.17044122908697756 
1.1875 0.9778923434057625 0.16644477705701322 0.19958016744993956 
1.3125 1.0627202847304464 0.15313468546963516 0.21305560454329697 
1.4375 1.0289216153190233 0.1961826845217982 0.15071905801521202 
1.5625 1.0230868165233433 0.22125590176780285 0.1776886782524194 
1.6875 0.9965739007748502 0.12635724174473495 0.16022976894799257 
1.8125 1.1508780621499857 0.29390929121731013 0.4701592857927064 
1.9375 0.7801999326367965 0.2125389744951771 0.19863720925207706 
2.0625 0.9581645770672347 0.26043439309511707 0.09391374535619779 
2.1875 0.0 0.0 0.0 
2.3125 1.1713103073591726 0.0 0.0 
2.4375 0.0 0.0 0.0 
