1.0 0.963311948717395 0.27141539543272497 0.37469906465579406 
3.0 0.9407016498246946 0.24633161094423528 0.407015075120999 
5.0 1.026880521394442 0.25540855639918403 0.36464388318474716 
7.0 1.0668704772641728 0.2511033735526699 0.28940613393243875 
9.0 1.0972098642089385 0.25538150976246665 0.27982713221967526 
11.0 1.1058440715740647 0.21748843513418825 0.24339801218051083 
13.0 1.0731490559869625 0.19232627121040746 0.2540794355278677 
15.0 1.0816637803357276 0.20731816347728593 0.22697154006722942 
17.0 1.0454028951552212 0.2210785124302158 0.20757763989840217 
19.0 1.0128325388571051 0.17006771202586934 0.16634492768572362 
21.0 0.9469633809298589 0.15769920509943192 0.18509601119529207 
23.0 1.007002634779692 0.1693842020159937 0.10450321311467214 
