1.0 1.1214790734123108 0.26003560144697224 0.36957179328975953 
3.0 1.1586413005882195 0.25359265000293585 0.29935355198878666 
5.0 1.0906093064948372 0.18470290572569303 0.22278756159402002 
7.0 1.0442258791854508 0.1597905122901987 0.1818588085966244 
9.0 1.0049517163425186 0.14797453167039443 0.16666032763718341 
11.0 0.9524117421014591 0.13265506601797206 0.15873256697500726 
13.0 0.9102151481838763 0.11829668248402436 0.13155468481409094 
15.0 0.881885261179405 0.11111862245560977 0.1349132212108637 
17.0 0.8557999373605593 0.09259910855850007 0.11615385077860685 
19.0 0.8460736332360725 0.08957478021355847 0.11735801729673934 
21.0 0.8405494904657149 0.0772034985311143 0.09966929741927799 
23.0 0.8384667690926817 0.07813826499752108 0.0797591452033819 
