1.0 1.2581792374606164 0.3244072684457736 0.3824361605173945 
3.0 1.1553840115314116 0.25784171276069023 0.3133728647329366 
5.0 1.086176776995216 0.19001840582235463 0.24178741016630534 
7.0 1.0549900577160227 0.17053368971490035 0.20778595887859175 
9.0 1.027561330339941 0.1700563184174828 0.189065358077676 
11.0 0.9826683852417584 0.14613945539835882 0.18551572944062822 
13.0 0.9513530000652866 0.13698640117487848 0.17864937810888382 
15.0 0.9291758126613732 0.1340850523934296 0.1818720913054701 
17.0 0.9033439177117452 0.11677497375834334 0.16418956335450663 
19.0 0.8942775548768322 0.11502731656170506 0.15724871650960348 
21.0 0.8796627503612398 0.10770316567791549 0.14319159656025215 
23.0 0.8672412218151919 0.09055707303665672 0.14499268903683138 
