0.0625 0.0 0.0 0.0 
0.1875 0.8892519937789346 0.0 0.0 
0.3125 0.8002076775215938 0.06316385791479207 0.10025866735114841 
0.4375 0.8168101414715603 0.11438166011159945 0.11379888189979703 
0.5625 0.8449089480834684 0.1081851018750708 0.15128873852038827 
0.6875 0.889692788722515 0.1339644731652242 0.15476952573641456 
0.8125 0.910865699586446 0.14509981520843018 0.1715098580939468 
0.9375 0.9244290999034916 0.14485252664283255 0.1907932956768914 
1.0625 0.9683584475047469 0.1622916076458022 0.22080026559515664 
1.1875 0.9898851702911335 0.16926448152022022 0.22112873529042454 
1.3125 1.0009553014962687 0.15829010238496444 0.26382107108344655 
1.4375 1.0400744356476583 0.17613931126008542 0.18683104514576065 
1.5625 1.023894692948454 0.22676600754277165 0.23199452593858405 
1.6875 1.0521113346071087 0.2260629530677336 0.25115397697512365 
1.8125 0.9961834526647095 0.14054880747526977 0.21234457017258102 
1.9375 0.9862532764814882 0.12182096300311207 0.325102313106961 
2.0625 1.1226212181569228 0.19365961042487045 0.16530990706541626 
2.1875 0.7269059302483231 0.1002484089989033 0.09839117906507566 
2.3125 0.8723640984927632 0.12824454936460994 0.12824454936461005 
2.4375 0.6847920998927799 0.0689766241166 0.0877420069299717 
