0.0625 1.2267743582590196 0.22917653919056236 0.27631709796883075 
0.1875 1.2254422086395076 0.218289438686887 0.2854057478255323 
0.3125 1.2190237666345958 0.21273363549224267 0.2811443622248768 
0.4375 1.2356273670216364 0.22300572166376376 0.28216544028901014 
0.5625 1.2470889566982009 0.2307519436458536 0.28716051244814933 
0.6875 1.2194523270361153 0.22272578384142006 0.3328354301123737 
0.8125 1.2089821792764477 0.23800973584169038 0.3464741360000705 
0.9375 1.1575322167515334 0.20890095263711272 0.3632116144113533 
1.0625 1.0928622707567712 0.21367667267885937 0.2533584847140533 
1.1875 1.0979173887227873 0.23702359370048043 0.24693214156244525 
1.3125 1.1476761287212676 0.2609224877699926 0.2789985510785209 
1.4375 1.0370775120827567 0.1409833796705443 0.34170104573811866 
1.5625 1.1387868365814118 0.1995436969358293 0.2364328592739915 
1.6875 1.438312784894229 0.3672677960823907 0.3393498664689216 
1.8125 1.1918226083165504 0.21206188613702626 0.26397769344353583 
1.9375 1.5030555526815872 0.4899682146581368 0.13563179738010378 
2.0625 1.4944342257414496 0.1403029118445458 0.22376494259154134 
2.1875 0.6020039045430969 0.041039018472519784 0.0636591226562091 
2.3125 1.8348772587338131 0.053769580762808245 0.05376958076280847 
2.4375 0.5859458911831192 0.03020433737919337 0.03501362301700539 
