1.0 0.40078101179175984 0.23229010725056293 1.295916473234561 
3.0 0.3986966944705064 0.23108366165060995 1.2972620066427873 
5.0 0.3879693833640905 0.2215502477612057 1.3066551882565576 
7.0 0.38682932812992543 0.22156432016666483 1.3065829609125226 
9.0 0.3861630458144943 0.2218807667649425 1.3061617388208255 
11.0 0.38462835188624633 0.22141921856354785 1.3068058157114897 
13.0 0.38332232345623174 0.22138670986424994 1.307176416609458 
15.0 0.3816121854878628 0.2200383662974873 1.3078719741795912 
17.0 0.370684629144519 0.210835063585854 1.3176495870600413 
19.0 0.3764298414651925 0.21678210402000503 1.3114841641901627 
21.0 0.3694648377417893 0.212172261282211 1.316921451102298 
23.0 0.3676539371330029 0.21097811372282646 1.3159209347911918 
