1.0 1.1685709548020662 0.27588390624469317 0.29351311025250637 
3.0 1.0971950384346585 0.21573340188347156 0.2828755053057408 
5.0 1.1244830015782377 0.24184932457437602 0.29224530125456916 
7.0 1.1404608143894257 0.22305550819481024 0.3116452457826544 
9.0 1.1403397779820792 0.22542445092139762 0.3176800182777135 
11.0 1.091533001326792 0.1953044658644123 0.2614227555804678 
13.0 1.0951040143520336 0.1983665607642502 0.24678122271199965 
15.0 1.0879100478295318 0.1803084559545357 0.2745227408178008 
17.0 1.1070942618852577 0.18398569926921027 0.22142618729864005 
19.0 1.0653510671681472 0.16147399180394062 0.21974503171741122 
21.0 1.067384670359934 0.15124748278772981 0.18047999832354678 
23.0 0.9904290101720981 0.14853338669524918 0.15416730871962359 
