0.0625 0.0 0.0 0.0 
0.1875 0.9194019643384506 0.08898820065468938 0.22159700697662177 
0.3125 0.91064119295057 0.11456974796540642 0.12326991565023304 
0.4375 0.9535505477602693 0.1454070830919667 0.1556105479313321 
0.5625 1.034402013405818 0.16182042026248356 0.1871184468115772 
0.6875 1.0687215861545953 0.16188551104141524 0.19810285515940684 
0.8125 1.0957408773709751 0.18849685402669658 0.22528229816329404 
0.9375 1.105524458033622 0.1893163758093701 0.22001260539892153 
1.0625 1.0995261377154126 0.20016801472829593 0.2192330204880215 
1.1875 1.0745808399627652 0.16324063883820783 0.28670432689182745 
1.3125 1.0873578214737243 0.185227740318481 0.28280119890884636 
1.4375 1.1221649889763263 0.2137648653360451 0.356599853579457 
1.5625 1.1046228237114752 0.20443006440523537 0.26053785698561716 
1.6875 0.9820140268639944 0.17004155851315506 0.254837982489294 
1.8125 1.057677563645474 0.11491746752490706 0.13912326092642346 
1.9375 1.052840563170556 0.21481553291631394 0.08470739427517349 
2.0625 0.9506361169109117 0.12815171799031344 0.2527079538137682 
2.1875 0.7306120002937349 0.08137274851247533 0.10785652702042692 
2.3125 1.2447653290420087 0.04889325598324312 0.03142029685509473 
2.4375 0.6204722496610997 0.04904887516316514 0.0755404422929804 
