0.0625 1.2542786068707559 0.23013709536098426 0.27815931056157783 
0.1875 1.2213282944970647 0.2206698206851594 0.28555450346865907 
0.3125 1.1767618896260097 0.21860673098421834 0.27390341711535826 
0.4375 1.140949039286997 0.22377459673397826 0.28538107632104603 
0.5625 1.1150550217331725 0.21173875669240505 0.2694896687620727 
0.6875 1.0886368262409154 0.20707352011594582 0.26359648647611156 
0.8125 1.063859616068751 0.21160204034472463 0.2801195155857481 
0.9375 1.0542199567420547 0.20857428024005287 0.2695547142917867 
1.0625 1.069153462144163 0.2041866748138943 0.26431304624907304 
1.1875 1.0614959524985268 0.19603234110371914 0.2818792100831369 
1.3125 1.0720861908605046 0.21300660964299345 0.2723070513080166 
1.4375 1.043124618272993 0.18100672521951766 0.29893678024650083 
1.5625 1.099892808058032 0.21974773709166817 0.300179732239626 
1.6875 1.0492143756633758 0.23492505851666912 0.4505303818984321 
1.8125 1.0756116424721762 0.1934130802457139 0.2743830802221374 
1.9375 1.1260939329172264 0.23986403607399132 0.40745244268584324 
2.0625 1.1226212181569228 0.2609482813972036 0.3865738312423961 
2.1875 0.6504651849547006 0.07059578496930619 0.12477733071087072 
2.3125 1.2678684884942841 0.28563920217697436 0.525890855538558 
2.4375 0.6006104815748028 0.04063657038144908 0.07666680760185018 
