1.0 1.2498175280863515 0.24458126902785415 0.26642139682403454 
3.0 1.2375798226183865 0.22191127543698896 0.30703216445390535 
5.0 1.209211778081912 0.213076645695792 0.2591003123171247 
7.0 1.1297183278128768 0.19993811478722634 0.24404227154236735 
9.0 1.0583228188053106 0.17772902339751573 0.20678858639079611 
11.0 1.0432507189445546 0.15856342470223916 0.20488842112606176 
13.0 1.0099163357511038 0.16485793817034367 0.16740885853724974 
15.0 0.9320660110660213 0.13282634548725158 0.1594081446815725 
17.0 0.8645256385955298 0.1172986399104552 0.13466391863416716 
19.0 0.8286138698840959 0.09906941917392365 0.14013403280596204 
21.0 0.8337347780562234 0.09688317011166425 0.13919269105704923 
23.0 0.8638273376821556 0.1480423357993158 0.12249864311485847 
