1.0 0.38873888765010156 0.22061303889086184 1.3080739310412568 
3.0 0.38812513621484146 0.22081994405320954 1.3079770313377919 
5.0 0.3868991590679025 0.22085728257496012 1.3079842506444 
7.0 0.3856032375382651 0.22074184316878995 1.3081511703325743 
9.0 0.3847578363098994 0.22095916754720132 1.308003122809255 
11.0 0.3830059680635166 0.22029897729992873 1.3088685580862607 
13.0 0.38069434851032463 0.2194340501144749 1.310371411319557 
15.0 0.37156795550137856 0.21052405854169237 1.318537558396708 
17.0 0.368521781915822 0.20927304077924097 1.3205815853101877 
19.0 0.36816312412910024 0.2092315515135058 1.3204718290595983 
21.0 0.3662814137049952 0.2101006480545587 1.3209255142054663 
23.0 0.36497314913991763 0.20899114072363772 1.3197641090790344 
