0.0625 1.26836710429107 0.21729523147307517 0.27464263083677953 
0.1875 1.2770550039326036 0.21537739611100015 0.2830036710985653 
0.3125 1.2633963793125225 0.21831441181900324 0.29798299725152133 
0.4375 1.2545309161201303 0.24933836052822 0.29509728749270403 
0.5625 1.214927013118044 0.23445425611491533 0.24968061428998523 
0.6875 1.1459477649151641 0.25257216416334716 0.24285401549591978 
0.8125 1.0208052658518652 0.2342873910481057 0.3288942939938819 
0.9375 1.0698021259888482 0.18714801747256982 0.2521968667834371 
1.0625 1.1713522243812067 0.22104284307965494 0.40818453120050546 
1.1875 1.0556729640611915 0.18830262025873812 0.3167433753142739 
1.3125 1.2192398921472578 0.3621373781981878 0.12772903094361365 
1.4375 1.444154431347187 0.18893315983923964 0.11508897957049191 
1.5625 1.099892808058032 0.2708605849680328 0.3142870970669751 
1.6875 1.063399268902754 0.0 0.0 
1.8125 1.6832513351794458 0.0 0.0 
1.9375 1.226266219443418 0.04249258881587581 0.14863900414381082 
2.0625 0.0 0.0 0.0 
2.1875 0.6003754054037711 0.0312746341483191 0.03170804752197409 
2.3125 0.0 0.0 0.0 
2.4375 0.6061167273387779 0.025185004646326337 0.022873498069942433 
