1.0 1.0426868267530742 0.20261897101166848 0.2799535708994416 
3.0 1.1942284683286544 0.23182797423900992 0.3303533061663524 
5.0 1.192185212491121 0.2312023668252321 0.31816441448135846 
7.0 1.1672831725759039 0.2120742857384319 0.2616368772589823 
9.0 1.163467163454176 0.19797969583820207 0.23263124855176365 
11.0 1.1462385543159628 0.18676752861830948 0.2273209476115836 
13.0 1.0745106782938079 0.17322009099642088 0.19428588943839098 
15.0 1.0183103265104472 0.1582034340750923 0.18297465137999303 
17.0 0.9628428913645444 0.141542884199771 0.18019993635435938 
19.0 0.9646190970725727 0.13066160970686602 0.1717036140481839 
21.0 0.9705102652508641 0.15727631839500222 0.15538062117925366 
23.0 0.9273973477589245 0.11692579061338404 0.1556166080182827 
