1.0 1.302941496595458 0.23119423376922454 0.2944663794227036 
3.0 1.237743611699017 0.22721529220347403 0.2899976864648057 
5.0 1.1520155087519055 0.18516688396756031 0.25074729043707134 
7.0 1.069848534080057 0.19163698496961457 0.19930046441959837 
9.0 0.9824239421591181 0.16696704407919916 0.24174804166297803 
11.0 0.9074613772471873 0.12814576675131673 0.1906386417742425 
13.0 0.7501861806812832 0.1294081208218859 0.12894782305142916 
15.0 0.8762893894069798 0.0909622355184676 0.05878029689469122 
17.0 0.8175848342293107 0.05420009078994337 0.05420009078994337 
19.0 0.0 0.0 0.0 
21.0 0.0 0.0 0.0 
23.0 0.0 0.0 0.0 
