0.0625 1.050529588668161 0.15781623131633316 0.23178183984309908 
0.1875 1.0833135158904108 0.1919207115771886 0.24050347267981675 
0.3125 1.1018160703869175 0.1938797018338454 0.22823419960245372 
0.4375 1.115656956607598 0.2011506730807865 0.25125695585551555 
0.5625 1.1245604011477257 0.194661457103671 0.23975831950407733 
0.6875 1.1497040913299665 0.19833048067898806 0.24178698657699105 
0.8125 1.1789079182186784 0.21500466325723433 0.25069544167808244 
0.9375 1.1770822834443635 0.21853005079819154 0.2821699339320538 
1.0625 1.1839195939651248 0.24056280316630263 0.30482789458849147 
1.1875 1.1401195352904159 0.21090891179100213 0.30258881910019464 
1.3125 1.0873716828247075 0.23671557684836597 0.2596477678029554 
1.4375 1.001266486563142 0.18978616095313317 0.37296036340438166 
1.5625 1.1222461455528545 0.21296147848227154 0.4377961297768276 
1.6875 1.0025644930260773 0.20202266231097987 0.42658934239194224 
1.8125 1.0631075250326296 0.2093181239726397 0.21921595314854025 
1.9375 1.2196783390444372 0.25036592129113566 0.3512322746249328 
2.0625 1.1167623218277887 0.24962882249126772 0.19339502146602805 
2.1875 0.661305794340433 0.06673443254648048 0.10514678518497067 
2.3125 1.4264055864734322 0.42685242370972387 0.3544410020770907 
2.4375 0.5878122333695821 0.03826980591818718 0.059680266971906315 
