1.0 0.7999727004232995 0.19295923524814773 0.22516403197880797 
3.0 0.8349958754419603 0.21888423417652114 0.2895453019103812 
5.0 0.9298345056486819 0.19371758103634285 0.2121648117430981 
7.0 0.9260668389172262 0.17792498191946615 0.19958208658673193 
9.0 0.8879625259798873 0.16570523506520873 0.18556182093975626 
11.0 0.8389237923300537 0.13886883512009696 0.15982440191816905 
13.0 0.8228230187883678 0.13588898044614917 0.15591050834053122 
15.0 0.7971061139744702 0.12737708681171744 0.15858774098785844 
17.0 0.782295345623804 0.11570389550162674 0.13797190585064578 
19.0 0.7459536569112756 0.10707779276115403 0.12886077700602094 
21.0 0.7111202972723418 0.09467007160938512 0.12409540450242529 
23.0 0.69346556975801 0.08927895959647181 0.10893595819357382 
