0.0625 1.026825905863875 0.19654362027148997 0.2821708893064867 
0.1875 1.0172326428909382 0.20602320446301559 0.267432673701663 
0.3125 0.9862674521397943 0.20804521946743448 0.26402629441057623 
0.4375 0.957644034700132 0.20276148075476907 0.26341100195161027 
0.5625 0.9347596839380872 0.20313807886263446 0.2558740764787111 
0.6875 0.9036572639487059 0.1947560766541775 0.25372902760146543 
0.8125 0.8536827756811546 0.22702276297438906 0.279224198899915 
0.9375 0.8106825633258774 0.2089820363271634 0.2842866902216723 
1.0625 0.7899453754192218 0.2207958078723411 0.25790603635035425 
1.1875 0.7462751920272257 0.19938086723197834 0.2378130478201823 
1.3125 0.8650521542141069 0.23498694018708421 0.22501620444851833 
1.4375 0.6360555026539136 0.14412893541100308 0.26958700582401485 
1.5625 0.7014254597683902 0.13918671569809848 0.15182833425302855 
1.6875 0.8144904740929209 0.1606079093945627 0.25934333663500087 
1.8125 0.6450889507866158 0.14885362164890065 0.17288741559525256 
1.9375 0.919987330775508 0.12992463496425277 0.237932424381758 
2.0625 0.6581696835593023 0.1233945835487944 0.44993086983383646 
2.1875 0.45821461978834027 0.0 0.0 
2.3125 0.0 0.0 0.0 
2.4375 0.0 0.0 0.0 
