1.0 1.057556231650133 0.28684184747988173 0.34450386813554124 
3.0 1.0227768859040614 0.20333485664664808 0.2750291847440334 
5.0 0.9246107368890631 0.162886254799937 0.21965602872515688 
7.0 0.8059843098653312 0.12234097477266526 0.14044590241703758 
9.0 0.78245139955555 0.11018264554490642 0.14215483022569997 
11.0 0.6908153245933115 0.11160456037715683 0.08537753536499249 
13.0 0.5957751573388246 0.045538511844248064 0.13375705363396306 
15.0 0.6091900190200943 0.07517333712138885 0.02215242632266723 
17.0 0.5171228549262606 0.029920272334746867 0.021587371809784095 
19.0 0.0 0.0 0.0 
21.0 0.0 0.0 0.0 
23.0 0.0 0.0 0.0 
