1.0 0.8289417854208145 0.20859635211296823 0.22790952766649997 
3.0 0.7586977303364408 0.19951848554170382 0.25257028236892176 
5.0 0.8109176004641047 0.22174140246403162 0.24680966633272028 
7.0 0.8373579407555216 0.19991085399667585 0.23545493491868985 
9.0 0.8794795143705949 0.1763793209608261 0.23014803457971822 
11.0 0.887067751927988 0.16183430180803537 0.21038861483186644 
13.0 0.8660876301609216 0.15322160476099012 0.20018427441104703 
15.0 0.8591892773258494 0.18929448350743816 0.2213841603965605 
17.0 0.8201425945944583 0.14530042265537257 0.21467424660254308 
19.0 0.8078476489521735 0.14063621971990348 0.1297621420499867 
21.0 0.73667205596356 0.10094070183772774 0.1324984793263858 
23.0 0.7652259869563113 0.13898034869130937 0.13504691372933786 
