0.0625 1.0445642394275125 0.24796354809206334 0.29526348034285066 
0.1875 1.0217275723478467 0.23983498212902743 0.27348377029685755 
0.3125 0.9780213646483087 0.2505681055114253 0.2563794630882188 
0.4375 0.9258611879415106 0.204768204404143 0.2467169886681111 
0.5625 0.871308230716088 0.19862436664124838 0.2395237093888547 
0.6875 0.824878590763424 0.1750999931276378 0.21773635861903284 
0.8125 0.8083272807544291 0.21115780887041047 0.2422125664486119 
0.9375 0.7537952863363295 0.1666678379737434 0.198757869821232 
1.0625 0.9012372524711124 0.22145373831511395 0.1975843249656023 
1.1875 0.7290524819020578 0.19596919099569154 0.24443287911942646 
1.3125 0.7921234883853183 0.16017967308741266 0.20225301319048428 
1.4375 0.88984356824732 0.25285827555936824 0.23728348304912772 
1.5625 0.7610461826291932 0.21127230882694337 0.1593833284413726 
1.6875 0.9714694394774567 0.0817308973526657 0.10396968228035808 
1.8125 0.85353162219848 0.37214389031551265 0.015312709789380596 
1.9375 0.940166548221782 0.2817289130670513 0.13117502837671635 
2.0625 1.4264382674624363 0.0 0.0 
2.1875 0.0 0.0 0.0 
2.3125 0.0 0.0 0.0 
2.4375 0.0 0.0 0.0 
