0.0625 0.0 0.0 0.0 
0.1875 0.0 0.0 0.0 
0.3125 0.574188111491891 0.056044758608159384 0.070681570550021 
0.4375 0.6156842646239926 0.07707482389598119 0.08432011547342888 
0.5625 0.6611307467863101 0.08527806403515326 0.10135392320507597 
0.6875 0.7039626862838639 0.09445008941120914 0.12237116515907032 
0.8125 0.7508681451316398 0.11186352593314552 0.12785792515322458 
0.9375 0.7746992307308133 0.1288047315967552 0.17184849832805038 
1.0625 0.7882433939262743 0.1337633637470662 0.1546994753964137 
1.1875 0.7767104483224145 0.1486965146386453 0.16218224540136217 
1.3125 0.8479405637754638 0.17139175218192204 0.22617259026365266 
1.4375 0.7507348756895297 0.12005894530547134 0.1903777059866718 
1.5625 0.7993360067442637 0.14673351896728537 0.2505449163177954 
1.6875 0.7579071005679253 0.12334500619737931 0.13757454986403528 
1.8125 0.8379433645394659 0.10192876933037787 0.18271001436528256 
1.9375 0.6425912186068532 0.15780237604728653 0.36769391977209764 
2.0625 0.7035627001328556 0.0721759735053269 0.06975503878136313 
2.1875 0.0 0.0 0.0 
2.3125 1.25954670043613 0.0 0.0 
2.4375 0.0 0.0 0.0 
