1.0 0.915318321181745 0.2160117333560303 0.2587378277159329 
3.0 0.9582752244246768 0.2175047492629717 0.27856942106474025 
5.0 0.9292698207257386 0.1629066205668619 0.21471236759031553 
7.0 0.8811052862200662 0.14552397410532636 0.1740557698277917 
9.0 0.8370539476126664 0.148655574524031 0.15932246726419574 
11.0 0.7790416166012653 0.1390079127692575 0.15631149847694548 
13.0 0.7183556178523534 0.10726132725762028 0.1275369325817013 
15.0 0.6898621055951542 0.10233188649154701 0.1178040488849289 
17.0 0.672289074591134 0.09860812309547262 0.11507193077138711 
19.0 0.6632539476534997 0.09342022264462069 0.10482215495052871 
21.0 0.6546318523294173 0.08860593773199665 0.0905363930675861 
23.0 0.6326638496074459 0.07498943033127081 0.07594192169897673 
