1.0 0.8893565115691201 0.28490734392237216 0.1727235467482532 
3.0 0.6815779953355201 0.17825633315558587 0.43570189598791265 
5.0 0.6924724943039716 0.23579068228617117 0.15418827942528157 
7.0 0.6231778312593463 0.1828439042288862 0.19479326019143117 
9.0 0.4961895472402434 0.07322947237854943 0.17098276775558102 
11.0 0.779038618735455 0.2792476651082824 0.37286820976218094 
13.0 0.7352563137701635 0.16325099463072612 0.32111666842770314 
15.0 0.7533488254228629 0.17890291717535578 0.1762149941693587 
17.0 0.8762997438800295 0.42405889557237764 0.3609617588119687 
19.0 0.8826169683722668 0.05978874236909848 0.05978874236909848 
21.0 0.6850466771421524 0.058084975985762455 0.10757036093353423 
23.0 0.8379433645394659 0.10829087750140154 0.22529485915263636 
