0.0625 1.0419341784744163 0.2396245329667397 0.292588021295203 
0.1875 1.008981020124993 0.2219640034136524 0.2733217466528186 
0.3125 0.9333522675505838 0.21530310661274543 0.26651433495253973 
0.4375 0.8652234844500865 0.1953055105740581 0.23741152465367554 
0.5625 0.8166808742665884 0.1651716866932389 0.22550780023022543 
0.6875 0.8181714878689805 0.15305805974641795 0.20543570979333414 
0.8125 0.8267995109217108 0.1659946505310641 0.20751409525920828 
0.9375 0.8281691043797316 0.17064820589801288 0.21749056211714313 
1.0625 0.8500883935796838 0.19330078235941917 0.21349352998213378 
1.1875 0.7951615120454865 0.18481104211763932 0.2388808034510217 
1.3125 0.845771434821371 0.1965451591453361 0.21414553904528955 
1.4375 0.7689356610828503 0.20159274398597982 0.2712404952308881 
1.5625 0.7505770166803787 0.16373821248718068 0.21039893875565574 
1.6875 0.8324342160166595 0.19785118073309416 0.2218299521513022 
1.8125 0.6778016747428326 0.18456763598005355 0.24066476955588834 
1.9375 0.818044885849307 0.2745265141635618 0.2543675031483452 
2.0625 0.6546127473819285 0.17425199481363596 0.25559414409930603 
2.1875 0.6256953219892446 0.11474036680808553 0.10012264383919811 
2.3125 0.4420482355042731 0.029947512621753214 0.4385534355474129 
2.4375 0.0 0.0 0.0 
