0.0625 0.786759987774106 0.08569991282481348 0.12716424390816783 
0.1875 0.8237965726498302 0.13000718953010593 0.2003688114967055 
0.3125 0.837390995962711 0.13755451871542912 0.17522882027416964 
0.4375 0.8626007926812629 0.14286564188125894 0.15816664526361102 
0.5625 0.8824291551987073 0.15135758716627745 0.18329784389487935 
0.6875 0.9023737136660768 0.16482674440231126 0.19697056542560865 
0.8125 0.915334227136821 0.16786805241953084 0.19907026898289848 
0.9375 0.9014800514264616 0.17815792568370037 0.21304950525179622 
1.0625 0.8603719707959985 0.17410517014088356 0.2149429346162386 
1.1875 0.8499512547527104 0.17493489429696252 0.26456461882002347 
1.3125 0.8450905453317785 0.2190769048141714 0.22803035971617192 
1.4375 0.7776453807082426 0.19326687883369909 0.3129426221394638 
1.5625 0.7592664551963173 0.14141940074750847 0.21371006646043622 
1.6875 0.6371465587112126 0.16352475487583445 0.32859775912243183 
1.8125 0.5412243732873148 0.08863461779246701 0.16866761284156195 
1.9375 0.5759067855347246 0.13520877110711255 0.24670310892291125 
2.0625 0.5540312401861002 0.15372976816243777 0.12080280559838963 
2.1875 0.6509823122616751 0.04400866693758454 0.1774819337835477 
2.3125 0.4700778892185373 0.0 0.0 
2.4375 0.0 0.0 0.0 
