1.0 1.0382212056669533 0.28613077247320173 0.3465167294822975 
3.0 0.9644855828781826 0.23306901231464705 0.2810668283456337 
5.0 0.9195130334979518 0.17388751820751902 0.21955281996455822 
7.0 0.880120211891514 0.15426357954895853 0.18758811345424997 
9.0 0.8492608969385177 0.15195589212210214 0.18042662027763645 
11.0 0.8061974103084115 0.14715661508590994 0.16869877288938095 
13.0 0.761353341065832 0.12918597263063325 0.16594652957140366 
15.0 0.7386409998143972 0.12470683414806094 0.1670325347299645 
17.0 0.7252415784366021 0.11998087968371973 0.1534824541537907 
19.0 0.7090896813484048 0.1089247373708766 0.12593978031619402 
21.0 0.689692835807789 0.0938068450065227 0.11439161629371397 
23.0 0.6735210541599468 0.08944159518863803 0.11481609957112138 
