0.0625 0.0 0.0 0.0 
0.1875 0.6874442796518556 0.11182154746717254 0.0873595213013102 
0.3125 0.6787231715639076 0.10650781253007591 0.14497261150531238 
0.4375 0.7153935559463993 0.10815347562061739 0.15517535139393768 
0.5625 0.7504549483062224 0.12269813083917158 0.14549568970700488 
0.6875 0.7901051976864585 0.12376391769736617 0.14080448201064633 
0.8125 0.817648407189169 0.13924447667126028 0.15163948685619766 
0.9375 0.8610683070712848 0.1465603189634227 0.1894048322599764 
1.0625 0.8686287179260608 0.14918031879359184 0.2095172685554363 
1.1875 0.8973166417559701 0.15549845238874327 0.212888758892271 
1.3125 0.8991319695599405 0.18316343992188078 0.14213837424618636 
1.4375 0.8037136994128854 0.1477436223667017 0.18512263939798568 
1.5625 0.7711099204242606 0.14839900363236902 0.3893655895910202 
1.6875 0.7164013802497714 0.1414915254562239 0.2525377611275129 
1.8125 0.9895584043121666 0.24170825900640902 0.337737033504137 
1.9375 0.8556483117917054 0.3046825076160322 0.12572273211719376 
2.0625 0.6161374582495116 0.0 0.0 
2.1875 0.6144199274842159 0.06886187166328206 0.06886187166328217 
2.3125 0.4121744866866541 0.0012539846702812607 0.0012539846702812607 
2.4375 0.0 0.0 0.0 
