0.0625 0.8806155188039977 0.1826635596764743 0.22820329199650868 
0.1875 0.8613088659490717 0.1768432961204628 0.20579197242245706 
0.3125 0.8402802849098934 0.17218073539343148 0.21207999453922977 
0.4375 0.8123284672234696 0.16706679217168752 0.2098698700171573 
0.5625 0.7931762659581035 0.16607052253331278 0.213187805413248 
0.6875 0.7653782818483426 0.16983529358989724 0.21976300572587626 
0.8125 0.7234494487536318 0.186342289900555 0.21621901144965971 
0.9375 0.714314153044681 0.19216296282656087 0.21864485200273154 
1.0625 0.6850611453959841 0.19482505055183386 0.19427761205527194 
1.1875 0.6671707684949848 0.20222679628836043 0.2095324267620967 
1.3125 0.7345343876398087 0.2096018974366909 0.2483716033840182 
1.4375 0.5698604615748095 0.15596458002489577 0.2131876667065027 
1.5625 0.5855539099613192 0.13387605893152493 0.24935552559169916 
1.6875 0.7558610839017941 0.245158352180042 0.2966091344737636 
1.8125 0.5479753034853185 0.1950627747431905 0.13531750412116406 
1.9375 0.719290514821386 0.10171412869772278 0.2360630728387869 
2.0625 0.7099316143813633 0.2569886952879532 0.05799808148474539 
2.1875 0.4886725222998434 0.0 0.0 
2.3125 0.0 0.0 0.0 
2.4375 0.0 0.0 0.0 
