0.0625 0.0 0.0 0.0 
0.1875 0.6774119483834204 0.16724174766475697 0.11715283113836816 
0.3125 0.6172330042642536 0.10830760697929698 0.15671918289898024 
0.4375 0.6338649614436968 0.09770370227670877 0.1439886353604688 
0.5625 0.66493115958324 0.10480902557513605 0.1346725042571808 
0.6875 0.6921937638200516 0.1074273125529498 0.12799968845660736 
0.8125 0.7135548091352333 0.11813166582886403 0.14500298969193404 
0.9375 0.7393410207448663 0.1264486331090392 0.14223144231350238 
1.0625 0.7463054175205326 0.12299735824230984 0.1731434009113798 
1.1875 0.7504269421134391 0.12466158696659069 0.16906178666499405 
1.3125 0.7271823173531304 0.13401189586748596 0.16035382034420853 
1.4375 0.7128995907213006 0.12301441573965377 0.13759546193041394 
1.5625 0.6435660597113901 0.060169300546482396 0.18584288209131805 
1.6875 0.7159096557764033 0.07368973081203045 0.18880085503373378 
1.8125 0.8530825387183854 0.23141062783690536 0.14715257157660533 
1.9375 0.8058524825563255 0.34243672652420276 0.20326333054392387 
2.0625 0.3903438611854209 0.0 0.0 
2.1875 0.7158036949518418 0.05462043832103358 0.05462043832103358 
2.3125 0.39425890467266234 0.01847806422704157 0.018478064227041624 
2.4375 0.0 0.0 0.0 
