1.0 0.857141691764201 0.24997538530629815 0.28690980404203126 
3.0 0.819048785687688 0.19496075347693287 0.2255385327364694 
5.0 0.7911010431899762 0.15002658277164638 0.1846208154377541 
7.0 0.7673422762020383 0.13038083260876254 0.1560399219221552 
9.0 0.748663381269749 0.13840466420553743 0.14990393065454388 
11.0 0.7042078924986923 0.12675316266374248 0.14935293388128357 
13.0 0.6727252058815731 0.11155496022445366 0.146814050391871 
15.0 0.6602274476201095 0.10359316951358988 0.1308872522509067 
17.0 0.6499224020634515 0.09722148910986317 0.12188206661450973 
19.0 0.6357771400245983 0.08712442166712508 0.11745047523735586 
21.0 0.6287187547301121 0.08919315927494598 0.1022838442356322 
23.0 0.607197084103847 0.08906654900908861 0.09608926719571431 
