0.0625 0.0 0.0 0.0 
0.1875 0.0 0.0 0.0 
0.3125 0.5196184030914887 0.04289859262267676 0.09367995150142527 
0.4375 0.5728397064889935 0.06864597322707555 0.07856989913805312 
0.5625 0.6089332600055982 0.07969860996906108 0.08902589001864014 
0.6875 0.6418471558419028 0.08908280725232676 0.10368203597380532 
0.8125 0.6681011700271111 0.09485337717405729 0.12235165328803155 
0.9375 0.6807350647632933 0.1102974693407377 0.1393541133353038 
1.0625 0.689957791216274 0.11581497608957736 0.1223961216645354 
1.1875 0.670068597582052 0.08467673238019402 0.1269720227404213 
1.3125 0.6956784988823456 0.11465683492020373 0.14309677611667004 
1.4375 0.6453782509018474 0.10499427309013853 0.18608894799869258 
1.5625 0.6896152565181325 0.13920196530772877 0.12456725382827805 
1.6875 0.6652031801496794 0.07946378227910222 0.1949148224326519 
1.8125 0.7716457967880085 0.13460088103043244 0.029567679223261978 
1.9375 0.6852658546893524 0.24117307070480026 0.259941709320456 
2.0625 0.5722024584249374 0.1109503878367189 0.40790458386677897 
2.1875 0.0 0.0 0.0 
2.3125 1.155390996465945 0.0 0.0 
2.4375 0.0 0.0 0.0 
