0.0625 0.8753051757244146 0.2067340617637916 0.24309884900838963 
0.1875 0.8543968758708912 0.19088480367482363 0.22808661565878763 
0.3125 0.7999480029692767 0.17107410751716767 0.209694654372512 
0.4375 0.7543936375710015 0.16436127415232438 0.19287062882301198 
0.5625 0.7173971084640814 0.13720730869352316 0.18318406624291816 
0.6875 0.7152543453987561 0.13057826439140485 0.16936116251137578 
0.8125 0.7169352792039813 0.13814262003712385 0.18205766998251638 
0.9375 0.7136390820100504 0.15280425736100112 0.18183192504556034 
1.0625 0.7339201201738939 0.16136360477149325 0.1945392455453815 
1.1875 0.681407070928628 0.1726943092954938 0.19983458651393904 
1.3125 0.7115910440878255 0.15701140935387592 0.20977028503037154 
1.4375 0.6470827422111246 0.15672130046229477 0.2660294942368193 
1.5625 0.6228116217677911 0.15792149607982098 0.1785334308787927 
1.6875 0.7438368031083031 0.1686302641628834 0.2671868757941762 
1.8125 0.6130390686893711 0.20954501149106086 0.1690561869296272 
1.9375 0.7189473732030569 0.3328799165923467 0.2013181817922125 
2.0625 0.515384052922947 0.11657385996588526 0.2904214459504496 
2.1875 0.7044796628939135 0.07487242188961074 0.05025962648809379 
2.3125 0.39425890467266234 0.0764148534154413 0.4088320271868897 
2.4375 0.0 0.0 0.0 
