1.0 0.7043113686287112 0.20981687009775596 0.24637200183051577 
3.0 0.6787940734980671 0.20908891450207556 0.22578857896807158 
5.0 0.6897104656630526 0.17075236112129233 0.22076564688396494 
7.0 0.7098784754172413 0.149887327553075 0.2035319230939805 
9.0 0.7382798315521608 0.15333967781061641 0.20927158001246093 
11.0 0.737064426282309 0.1283956513793557 0.16655528285002152 
13.0 0.7466374346762283 0.1248418364129843 0.16796601657076748 
15.0 0.7248424360950672 0.12712060230593003 0.1691963074801378 
17.0 0.6965360698065926 0.09316762930570288 0.1596631449516528 
19.0 0.6932113025417523 0.12017812247275295 0.1116128485518294 
21.0 0.6698701892460768 0.11838406993313988 0.10903850153005079 
23.0 0.6362133597741415 0.08679085742579595 0.16958907547073865 
