1.0 0.6891957436025616 0.18509093779145414 0.22851097443420798 
3.0 0.7128746851306174 0.1905411948817134 0.22768024506292184 
5.0 0.7793570856743807 0.16432522729399957 0.20304181728174353 
7.0 0.7792862339297766 0.13512440761466016 0.1803244931460981 
9.0 0.7567032948832035 0.13706508512679305 0.1516005158773689 
11.0 0.7295338685309177 0.12712166481492848 0.1476992491244976 
13.0 0.7072043940668753 0.10377050449760061 0.14492183533368164 
15.0 0.7029092869621423 0.10716154888881857 0.13490013123419042 
17.0 0.6920448848007487 0.09953641349982112 0.12084202822957713 
19.0 0.6593571258751003 0.08370903468617019 0.12031032086407278 
21.0 0.6470011039714734 0.09544768845671614 0.09533244511872274 
23.0 0.6157767837414891 0.0859955983392574 0.0909035398457787 
