1.0 0.7335730273894588 0.24905871326350593 0.25821602456958404 
3.0 0.6244725591610131 0.24812202723265447 0.1480890168502047 
5.0 0.595738504838722 0.2034174672683125 0.1481875939042253 
7.0 0.5826927209462628 0.1604642339662597 0.18115477678432512 
9.0 0.5551280059353998 0.19407890540158584 0.09179447343475433 
11.0 0.6284406157259697 0.15257956935330474 0.3304068961627371 
13.0 0.674168298778946 0.2115824717298419 0.403185785063061 
15.0 0.8067173346380638 0.17811237027434657 0.21708572558222627 
17.0 0.7428879778220303 0.17973502577699763 0.14776861620337234 
19.0 0.7180096215793033 0.108527427994497 0.108527427994497 
21.0 0.5687841130657512 0.09765720530299626 0.16285339631672813 
23.0 0.8100892497826733 0.15133632269238928 0.22475474277179264 
