1.0 0.7909018119124421 0.18395979361232895 0.2139961100042137 
3.0 0.8130900364222136 0.18008349510779864 0.2218572988271914 
5.0 0.7964472276278848 0.13996866045294898 0.18020714251065373 
7.0 0.7730490856575775 0.12129430497412186 0.1414991667898826 
9.0 0.7477917453342714 0.1349582770422153 0.1472676489320639 
11.0 0.6870907784213781 0.12400595916916346 0.14916269941264537 
13.0 0.6403953144720016 0.09635545993981176 0.12141420088255162 
15.0 0.6226488642207728 0.08778462123777875 0.10364227414030103 
17.0 0.6130310193136956 0.07913382017310988 0.09969342055010133 
19.0 0.6066945387563412 0.0782999617449458 0.09189662504674334 
21.0 0.6057004048754432 0.07948062131202516 0.09122070607493438 
23.0 0.5858096322454872 0.08896214405479502 0.08027679455984793 
