0.0625 0.7634474359858994 0.0625243081751925 0.15013952192375413 
0.1875 0.7482384869347171 0.12697639443259323 0.14936551559231315 
0.3125 0.7446325230210135 0.11489174936053603 0.13250621124320028 
0.4375 0.7674125665079813 0.13323668414644496 0.14215936549324204 
0.5625 0.7728303450378953 0.1291165489536491 0.1537821961753716 
0.6875 0.7762782255157923 0.13769640548054163 0.16634240055194704 
0.8125 0.771481775363609 0.13129277539552053 0.17386576598255676 
0.9375 0.751676740745828 0.1373355667472732 0.1998036501701166 
1.0625 0.7364115458255552 0.14224218658906485 0.18520184798339334 
1.1875 0.7099824052298779 0.14975291543240843 0.23300531389854695 
1.3125 0.6991229642538899 0.16350734895492836 0.1974705687317324 
1.4375 0.6915033461664819 0.16278136917490227 0.2632670846379208 
1.5625 0.667614597565302 0.1511311181244559 0.31720758765487944 
1.6875 0.6516296826702593 0.15216248864123244 0.17294625488450444 
1.8125 0.5842498917746914 0.14763904720158788 0.11450623366185875 
1.9375 0.5796833787445732 0.22943190219901471 0.31843259431485404 
2.0625 0.4468035717857011 0.06713875959514054 0.04674926556778808 
2.1875 0.721304600340781 0.04441763069867122 0.024565255718554613 
2.3125 0.2723906085937028 0.0 0.0 
2.4375 0.0 0.0 0.0 
