1.0 0.8687574974912522 0.25321216266953595 0.2898264191243609 
3.0 0.86799661609489 0.18065685821444666 0.21798336630094717 
5.0 0.8090674398481695 0.14238116612536456 0.17995580106809772 
7.0 0.7229954835509678 0.10071872406399673 0.1463819158483115 
9.0 0.7119744486929378 0.1146813052335881 0.09815372540969503 
11.0 0.6662914823368546 0.1731687221028796 0.10038128286597192 
13.0 0.5503968407369533 0.0703551188390556 0.17826815741031654 
15.0 0.581160161077608 0.05088406315458205 0.06775424341939995 
17.0 0.5002137119802393 0.021334584351058505 0.005201550600954619 
19.0 0.0 0.0 0.0 
21.0 0.0 0.0 0.0 
23.0 0.0 0.0 0.0 
