0.0625 0.874156309474674 0.21044237646279862 0.24541545433889556 
0.1875 0.8610264616225521 0.2069649596237223 0.2424511012579441 
0.3125 0.8273115565269302 0.19164013066794028 0.21825681864832402 
0.4375 0.8021359547561816 0.19050956982758305 0.2100078695157933 
0.5625 0.7694239327276587 0.19745377821728438 0.19249901851626205 
0.6875 0.7259385291025124 0.1674087677179552 0.18638322360645843 
0.8125 0.6945608295670048 0.19055794753662403 0.27127741715738907 
0.9375 0.6342913028475101 0.16550300647396204 0.2041572646494132 
1.0625 0.8149054815064367 0.24860408652577182 0.19770894176165732 
1.1875 0.589432265431372 0.14753883027161036 0.19670759190794762 
1.3125 0.696153479750254 0.1672258696453428 0.203741426447834 
1.4375 0.7280258351499707 0.22549068134225037 0.28112383253844575 
1.5625 0.5540948262724534 0.1412105008805442 0.1623886358913943 
1.6875 0.8347298902640194 0.1406093154910264 0.22157166379383408 
1.8125 0.5532642240779508 0.14163191108833095 0.21296027141210438 
1.9375 0.7266951712211406 0.19354632731387078 0.14918844039778278 
2.0625 0.8875308842051814 0.0 0.0 
2.1875 0.0 0.0 0.0 
2.3125 0.0 0.0 0.0 
2.4375 0.0 0.0 0.0 
