1.0 0.885623870576894 0.28059547328454604 0.31419942814857715 
3.0 0.8613175701522742 0.20667744039219405 0.2423784570951062 
5.0 0.8385098222455609 0.15207082500899383 0.18241167120138657 
7.0 0.8125596562375875 0.1331585657390828 0.16164101752712612 
9.0 0.7918880327977548 0.13124273116051743 0.14981188083706765 
11.0 0.7603624302744667 0.1230494526881224 0.14499795182332798 
13.0 0.7339043752085137 0.11385261155479487 0.1447822848765452 
15.0 0.7204900595214401 0.10655587543893941 0.13239618259189323 
17.0 0.6983702501500808 0.09616210517596824 0.11995771388688758 
19.0 0.6869993535061255 0.09038828754072992 0.11171627236353243 
21.0 0.6713930588164444 0.09302219090411867 0.10795982258156389 
23.0 0.6649954829923538 0.08280117848998059 0.10259894474065501 
