1.0 0.8396230678301124 0.20507634311091572 0.24291904017262356 
3.0 0.857664992329084 0.19001821274951258 0.23127701131882294 
5.0 0.8435012961866749 0.14341105570917811 0.17640281790823142 
7.0 0.8140177538380183 0.12776336093515095 0.14465880364160422 
9.0 0.784346368468925 0.1239969661346676 0.14353723767340099 
11.0 0.7458446750092831 0.11630732307710556 0.1290387146303006 
13.0 0.7077987423770906 0.1023543674664168 0.12226502654185134 
15.0 0.6901785643682673 0.09424489961842941 0.10102365195789842 
17.0 0.6662427984007316 0.08553438781424161 0.10399429786052583 
19.0 0.6601371584635825 0.08186193064021874 0.08461794951966906 
21.0 0.6479177439928364 0.08053525356263969 0.09132012201179596 
23.0 0.6373852138099009 0.06517953762342976 0.08187454667473015 
