1.0 0.7024596829926373 0.26515712678978187 0.34187710986455344 
3.0 0.7092644113747735 0.22668787704382087 0.3075945443266783 
5.0 0.745360437545499 0.18179021086951896 0.24399694225990143 
7.0 0.7958291922157028 0.17859170674449243 0.2803035682027737 
9.0 0.830762794525559 0.17949875572168716 0.20961354065493165 
11.0 0.7993880473409636 0.15912753159177817 0.2121772666783397 
13.0 0.7963541749885152 0.1460267779160761 0.19354223655574498 
15.0 0.8028850653442756 0.1302825713507949 0.14556703092260703 
17.0 0.7684410913491928 0.13453506933239912 0.17844609674442768 
19.0 0.7548800199872319 0.14250426292386464 0.17507932433036322 
21.0 0.7333239200741725 0.13983842665021695 0.12142530027696719 
23.0 0.7413544102623892 0.11294521544845137 0.16927160330239965 
