0.0625 0.9004216389940362 0.16970669576057607 0.2290626312244698 
0.1875 0.8956038970110385 0.18911751137430022 0.2216825780152123 
0.3125 0.875069313299093 0.17650639852897354 0.22140700755044151 
0.4375 0.8554635128032736 0.17585121446174135 0.21104248613262044 
0.5625 0.8440158229461288 0.18066362221500964 0.23123859810740477 
0.6875 0.8248785189481025 0.19375511075095786 0.24397377546610066 
0.8125 0.7906061184199767 0.2255462107683538 0.2617771957569296 
0.9375 0.7538812260340071 0.2057979426146196 0.29718306816431794 
1.0625 0.7388910829298824 0.22488936551191852 0.26228837688852547 
1.1875 0.701693799096865 0.20256036636093416 0.323572381082615 
1.3125 0.7760455187635532 0.25907966105441527 0.29331828872949617 
1.4375 0.5941149780807345 0.2378374784925948 0.2585698010152032 
1.5625 0.621001959824777 0.2060103865012906 0.2155882356050317 
1.6875 0.7977740583723464 0.33362085674591835 0.38166268018241156 
1.8125 0.5055575342059555 0.13831071652446664 0.12793810079217527 
1.9375 0.8927090313021875 0.2701192875909699 0.20549907549674673 
2.0625 0.4981697311231046 0.0995962728974299 0.36077597362942704 
2.1875 0.6407577504054273 0.0 0.0 
2.3125 0.0 0.0 0.0 
2.4375 0.0 0.0 0.0 
