1.0 0.8966740437696537 0.2850506170224928 0.3123872911099246 
3.0 0.8981092640442508 0.18798041221062367 0.22972372039885325 
5.0 0.8538768620747623 0.13867744346900845 0.16372710345968167 
7.0 0.774282008456007 0.1120653113639245 0.1320783324178284 
9.0 0.7578606288824095 0.07571694296064946 0.1224956608741824 
11.0 0.6806329074256612 0.0792026336653242 0.08287121145406962 
13.0 0.6617273111563473 0.07180892116453719 0.06730167295342393 
15.0 0.6350496057940261 0.04350248565211412 0.0487731903938281 
17.0 0.5641234093908827 0.03341462983055832 0.015263664417099032 
19.0 0.0 0.0 0.0 
21.0 0.0 0.0 0.0 
23.0 0.0 0.0 0.0 
