0.0625 0.8573575761271464 0.13060315690442081 0.11926755299199343 
0.1875 0.7968876827845777 0.11899442832561757 0.12961190729420846 
0.3125 0.7807561073470215 0.10513564345362592 0.15436649425097204 
0.4375 0.811131384948918 0.13197026302604342 0.1368643147255153 
0.5625 0.8136245093603445 0.13356589386563977 0.15062169439113693 
0.6875 0.8232015331600745 0.13374272397055276 0.16202844936377403 
0.8125 0.8216179226545495 0.14840468904271553 0.17990492679172343 
0.9375 0.828969366321703 0.15793273966368448 0.20716336426082615 
1.0625 0.7980908963449521 0.15350631073537657 0.21324223145912413 
1.1875 0.8563799165555965 0.20963280383298621 0.22435475438014718 
1.3125 0.78216379599284 0.17409784074092882 0.2360429560542181 
1.4375 0.7303196889373107 0.17400294941600558 0.21765033433410919 
1.5625 0.7673546942252764 0.17062748343231537 0.44238195849336004 
1.6875 0.6443083240069541 0.2630891365414614 0.13414128280710902 
1.8125 0.594322058197088 0.08631255677938798 0.07818261245269154 
1.9375 0.6343353185050671 0.1634430747909555 0.19912996212478273 
2.0625 0.4429120134811185 0.119818960705595 0.10900209937013572 
2.1875 0.8164349269232889 0.23024554188199486 0.755775865223228 
2.3125 0.19916480128255476 0.0 0.0 
2.4375 0.0 0.0 0.0 
