1.0 0.7734052729292797 0.3898942638153038 1.0050216332031683 
3.0 0.5204993013363902 0.14484331921560972 0.4198893660115163 
5.0 0.6141055244838864 0.15898304907090716 0.23605408352288615 
7.0 0.5920900573465326 0.11426411718648155 0.22124868238661743 
9.0 0.5243492682772577 0.29893509275854846 0.1637806205449932 
11.0 0.7229857183930395 0.2998254588436303 0.1846958818975879 
13.0 0.8879657449332341 0.423611344013277 0.26116140559029355 
15.0 0.9386248821037346 0.2658186814371374 0.26167431543360653 
17.0 0.8169210199653656 0.2171488041961812 0.15176201769796105 
19.0 0.8634069708035401 0.07638185961539012 0.07638185961539035 
21.0 0.7285248720713907 0.08251924285121559 0.12491561065651735 
23.0 0.9046787886036673 0.24820060166416835 0.12703791954744137 
