0.0625 0.0 0.0 0.0 
0.1875 0.6786315383487673 0.08887709579199599 0.06705518633094942 
0.3125 0.6782671295590271 0.09052828273979507 0.11405291637921211 
0.4375 0.7095847308039576 0.10366208806679156 0.11990795394751852 
0.5625 0.7290390667749171 0.10641426417244748 0.12188598523129823 
0.6875 0.7521567923012712 0.11479891601153025 0.12785125608850445 
0.8125 0.7770932526792772 0.1307528720794301 0.1464135739759327 
0.9375 0.7859726987906597 0.13231481006980828 0.15659666146068274 
1.0625 0.7958845640281671 0.12747128087840864 0.15590433860882447 
1.1875 0.7996719022589234 0.14706408932115655 0.21390968845369662 
1.3125 0.8232498995232573 0.18372298608960413 0.19020831612157485 
1.4375 0.8508340543493149 0.23022715346968448 0.15718898528540715 
1.5625 0.7564792919223362 0.13583247606604587 0.23516075649577728 
1.6875 0.8028850653442756 0.17824161691535279 0.41669142953486515 
1.8125 0.9002048231771875 0.12670222635219064 0.2861550069098988 
1.9375 0.7227454879722247 0.3209610047066068 0.21780708464082466 
2.0625 0.6763436079766658 0.0 0.0 
2.1875 1.2001301211774247 0.49363663438621397 0.4936366343862142 
2.3125 0.4073555902886244 0.017129533519788298 0.017129533519788298 
2.4375 0.0 0.0 0.0 
