0.0625 0.9071902007287351 0.2207554059688407 0.25672998382692014 
0.1875 0.8821242989559793 0.19439813464192923 0.2433428568855719 
0.3125 0.8393500556650397 0.17317845633200546 0.2223144003858173 
0.4375 0.802155617085093 0.15771220531844277 0.19084667142873168 
0.5625 0.7681873690920956 0.13413211960208282 0.17926662207432298 
0.6875 0.7650164382087782 0.13626216425810922 0.1795035462964658 
0.8125 0.7693901663927619 0.15313151244777334 0.1944004188899221 
0.9375 0.759310601576414 0.16719909696114077 0.20827859723686726 
1.0625 0.777562116048513 0.17472846177674017 0.21901658629243959 
1.1875 0.7423687413673882 0.22615494067907682 0.2593672040071412 
1.3125 0.7725297372431619 0.2110521301286843 0.26935516601945886 
1.4375 0.6685309512511819 0.20835124077606648 0.3182023708754037 
1.5625 0.7096348719733683 0.24908015526283672 0.21042741240630725 
1.6875 0.8028169656029079 0.25115114619628953 0.4080037923268861 
1.8125 0.5964094019560668 0.19982167702376596 0.28879343739928776 
1.9375 0.7476279838661546 0.3117403881183884 0.2669991820399831 
2.0625 0.5308873763574244 0.13097042177626655 0.4013073361218753 
2.1875 0.6407577504054273 0.07995719816220392 1.291429781003656 
2.3125 0.4073555902886244 0.12035064570888915 0.3638672619937466 
2.4375 0.0 0.0 0.0 
