0.0625 0.9096764209725807 0.22883376468534822 0.2600381965664904 
0.1875 0.8831289246259211 0.21205534058813003 0.2651796988912376 
0.3125 0.8630521567530648 0.20390612913533712 0.2537813498387521 
0.4375 0.8555959108194502 0.20032429563341503 0.24275892973057256 
0.5625 0.7979835021335989 0.175568197926544 0.2120974773030645 
0.6875 0.7711456088182451 0.22361334506301034 0.23961666996121855 
0.8125 0.7225105664839888 0.24909295948505106 0.3233185924774604 
0.9375 0.6434362823442297 0.16685448611360404 0.2977838465265831 
1.0625 0.7837498261985462 0.24122578799066396 0.28206906983998825 
1.1875 0.5531015803051142 0.1564995210755813 0.27705810598302516 
1.3125 0.7433747506105935 0.21978291217672763 0.4214758676620275 
1.4375 0.5953392482506397 0.18734008829626397 0.5235548142406676 
1.5625 0.5366334533988802 0.14543690865604825 0.2791508486526515 
1.6875 0.9892994438834533 0.24421024873156405 1.0124037947649802 
1.8125 0.4755218409167931 0.0918721212507852 2.043775631244855 
1.9375 0.8686174479184042 0.5551010688867368 0.335974878142156 
2.0625 1.17531991737137 0.0 0.0 
2.1875 0.0 0.0 0.0 
2.3125 0.0 0.0 0.0 
2.4375 0.0 0.0 0.0 
