1.0 0.7112909794925286 0.21886242039273845 0.30737211345418314 
3.0 0.771091844166873 0.21966360482901093 0.2811922625301395 
5.0 0.8299349656451278 0.17982749595965652 0.21104238360725347 
7.0 0.832024440418359 0.13918222641425693 0.19769859493675201 
9.0 0.8157757121175684 0.1486381389084419 0.15309258129886716 
11.0 0.794588708920379 0.13160079746209907 0.14535140241688227 
13.0 0.7650090770546721 0.12180547766677019 0.1432272635938877 
15.0 0.7474876057708921 0.11253084830697957 0.13825062043743774 
17.0 0.7299727031418064 0.09341314156774372 0.12267209211660068 
19.0 0.7084529002147348 0.09082999221055799 0.11493990211892147 
21.0 0.685179785806321 0.09542145791146395 0.10968295364275416 
23.0 0.6785826026538443 0.0854942310499971 0.08817685071465309 
