0.0625 0.0 0.0 0.0 
0.1875 0.0 0.0 0.0 
0.3125 0.5897483856872217 0.06016730067800158 0.11707970074118534 
0.4375 0.6357273064448248 0.06518248266824755 0.07325925130439437 
0.5625 0.6598722949559159 0.08392913647390732 0.09299081431516887 
0.6875 0.6865720906939976 0.08700006516264291 0.10269138654475729 
0.8125 0.7084660702977398 0.0907065234807588 0.11790564591611752 
0.9375 0.7332632727301658 0.10518783198797899 0.1293597411238826 
1.0625 0.7618595120184363 0.13841445403783303 0.13073521101202867 
1.1875 0.7198341595388036 0.1276690971518002 0.17637248455001042 
1.3125 0.7537878777511041 0.12066516771230751 0.20438256028592428 
1.4375 0.759769326051599 0.12924894796065256 0.28079546252598875 
1.5625 0.7789696747565277 0.13750855491677794 0.1285479202291233 
1.6875 0.7994834423022645 0.10848099525010724 0.25507779529740904 
1.8125 0.8473516017050717 0.1004529847894029 0.058506858606473866 
1.9375 0.7992968850960052 0.2109633002145328 0.1995895545643258 
2.0625 0.6626673641234315 0.11764377767142808 0.3191439573274175 
2.1875 0.0 0.0 0.0 
2.3125 1.0838475644578809 0.0 0.0 
2.4375 0.0 0.0 0.0 
