1.0 1.0690148865379148 0.3049139811180408 0.34320862725584544 
3.0 1.0569912248820246 0.22240901512165412 0.26750423853978345 
5.0 0.9510820545777181 0.190095532655023 0.22814764660697318 
7.0 0.8270085064024053 0.10761398217616802 0.16531432069413554 
9.0 0.8177310512689067 0.12588688314093877 0.13215469717474992 
11.0 0.7607663313843174 0.14818329261863583 0.09536705263631484 
13.0 0.6283120160791955 0.09420919351093004 0.09659158488642827 
15.0 0.6030704989238924 0.06987957637092901 0.08395126959526389 
17.0 0.5871852371826167 0.05750633966535601 0.016377021339277764 
19.0 0.0 0.0 0.0 
21.0 0.0 0.0 0.0 
23.0 0.0 0.0 0.0 
