1.0 0.9444564933207125 0.2318357863921241 0.2781201144650509 
3.0 0.988032577914328 0.2141840513660086 0.2612547697336036 
5.0 0.9488316010713351 0.1653230486152124 0.22575722564936274 
7.0 0.9139368122676219 0.14834241771050427 0.17483917579441766 
9.0 0.8810858077561384 0.17245595275574643 0.18359366730347004 
11.0 0.7871519996386516 0.13973389844955997 0.18742356086277756 
13.0 0.7298801252196894 0.11411015781050193 0.13548487104125495 
15.0 0.7038367943980972 0.09924725263504419 0.1302200741497267 
17.0 0.7035071632813672 0.10183890184407152 0.13239027653876811 
19.0 0.6982617019511401 0.10408630750458625 0.1261158516381129 
21.0 0.705973006616527 0.08905864967490562 0.10753012325591704 
23.0 0.6699118155481989 0.08482960047491395 0.11975919002103097 
