0.0625 0.0 0.0 0.0 
0.1875 0.7407161788276337 0.19248709485533233 0.11332742913500071 
0.3125 0.6906274518123239 0.11420351801426076 0.1837925624041964 
0.4375 0.7222642202818834 0.11655233184187119 0.18624484195759927 
0.5625 0.7594644806899514 0.1232030322384774 0.15924913991182066 
0.6875 0.7963048862376875 0.11952246368073349 0.15665309249314452 
0.8125 0.8389358385925597 0.13433448638979728 0.16792264892337083 
0.9375 0.9000871910019137 0.1598243298268277 0.18410412863173842 
1.0625 0.8917312815987515 0.14927626123222326 0.2355509602622654 
1.1875 0.9913522633594639 0.19592664290678408 0.19131636908513638 
1.3125 0.936305393429862 0.19904123515793426 0.2120082160575949 
1.4375 0.865470880998291 0.2139115715846096 0.2804914298080623 
1.5625 0.914893016910064 0.18034252352918445 0.26387747622723334 
1.6875 0.8571237111138629 0.30770818832161084 0.3308848346484575 
1.8125 1.0665138745134004 0.3678972486283847 0.2365165688896711 
1.9375 0.782333127116466 0.16228533281124835 0.19382612862538662 
2.0625 0.5686344455569137 0.0 0.0 
2.1875 0.5511551799372816 0.10783318124518787 0.10783318124518804 
2.3125 0.25854050780198995 0.019796795959570485 0.019796795959570512 
2.4375 0.0 0.0 0.0 
