0.0625 0.0 0.0 0.0 
0.1875 0.0 0.0 0.0 
0.3125 0.6081041145133569 0.08816155495723721 0.07928236492164831 
0.4375 0.6420595386001369 0.08817269938056205 0.08640891193272993 
0.5625 0.6993640384192772 0.09461309981466959 0.1061165602019909 
0.6875 0.7556015166005368 0.11226103241456453 0.1261034436547711 
0.8125 0.8003669734678004 0.13493290513664058 0.14810725253904422 
0.9375 0.8153140300643936 0.15294418300335944 0.16026334297773792 
1.0625 0.8200471455778074 0.15234978566532764 0.19167641679617542 
1.1875 0.7981870589465263 0.13452578898978362 0.21436669391987673 
1.3125 0.8532649918230358 0.16554176433429602 0.15138933224300677 
1.4375 0.7950484689193831 0.16075513687769882 0.21840324098082986 
1.5625 0.8075776655935785 0.13255306299088576 0.24632380650872476 
1.6875 0.8054236710887805 0.16103807136041948 0.21733658012546164 
1.8125 0.8386596120565949 0.052370801501123165 0.15900216237906262 
1.9375 0.7509225225734751 0.2461487693493003 0.5310108722880497 
2.0625 0.7051499322075275 0.12884150661430405 0.10912449049325901 
2.1875 0.0 0.0 0.0 
2.3125 1.1866273190212446 0.0 0.0 
2.4375 0.0 0.0 0.0 
