0.0625 1.0658147914252245 0.25895195265937765 0.2863744961610317 
0.1875 1.0457537902873018 0.2523697607800809 0.27228959089626215 
0.3125 0.994159656343696 0.2298359868951878 0.27091423926456504 
0.4375 0.9639985766709268 0.2319372215594957 0.2697688025905688 
0.5625 0.9212069112907364 0.25340108354241464 0.2575384033136323 
0.6875 0.8038720557621515 0.17661389151648232 0.2059814977848502 
0.8125 0.7956949297229368 0.22847755048095464 0.22545088039027372 
0.9375 0.7435885112260223 0.17162615979208118 0.2086054154923278 
1.0625 0.8425976162507601 0.22718813359719559 0.19782310824410188 
1.1875 0.6376265261996579 0.17008275129265465 0.23296938071501438 
1.3125 0.7476534089356972 0.20267743737874022 0.1816060227201184 
1.4375 0.776893470232756 0.22873091586371386 0.2556065541812832 
1.5625 0.6776947561122431 0.18025328751723446 0.1530944338898942 
1.6875 0.890492616640658 0.26763314255603166 0.27258501360373744 
1.8125 0.8195160938469946 0.24679542471446403 0.21927957799926767 
1.9375 0.857024968078965 0.2691454279418871 0.23233184654958472 
2.0625 0.9252840303393673 0.0 0.0 
2.1875 0.0 0.0 0.0 
2.3125 0.0 0.0 0.0 
2.4375 0.0 0.0 0.0 
