0.0625 1.066217182198582 0.21436726875841305 0.27511044937452 
0.1875 1.0499962597518304 0.2241246814264718 0.2586103534266946 
0.3125 1.0181530800329235 0.21604608049533913 0.2556789916460307 
0.4375 0.9881126627672903 0.20379215461563016 0.25644524802506075 
0.5625 0.9601475181629457 0.19456268188533088 0.25721565546790903 
0.6875 0.9403656930021413 0.22156099524022965 0.2461878471803456 
0.8125 0.8796843433968906 0.2248622629887288 0.2719807912437264 
0.9375 0.8547297212092466 0.2304494799377811 0.275571736612223 
1.0625 0.8199853303001153 0.24593063324432096 0.25720796727990314 
1.1875 0.7591316069591254 0.20466960171930237 0.28878569413418664 
1.3125 0.8113232060932827 0.18276732635448845 0.2513605911366239 
1.4375 0.6044002061521092 0.14934433876278475 0.2819654144170879 
1.5625 0.6547609514818695 0.14300662717772317 0.23999359436584 
1.6875 0.7565040221320751 0.17600388294580183 0.26809214379943747 
1.8125 0.5757797991989997 0.1519225097510662 0.286942769319093 
1.9375 0.8337273128920963 0.23044118329650243 0.17942929230469984 
2.0625 0.7843762922130425 0.32266729836083874 0.11669642012704784 
2.1875 0.603608187427805 0.0 0.0 
2.3125 0.0 0.0 0.0 
2.4375 0.0 0.0 0.0 
