1.0 0.857024968078965 0.3033411229524513 0.22538917179010642 
3.0 0.6370705213745429 0.20128169329814538 0.32941054292261485 
5.0 0.6841676433752659 0.19275236086605474 0.2715578423164934 
7.0 0.6217435183311364 0.11538754304221055 0.13417829570858897 
9.0 0.5982871020355632 0.17191503490735616 0.27005460794052105 
11.0 0.7815161903851008 0.30990972126632177 0.516565120152166 
13.0 0.7833656059461458 0.27811107124115153 0.2391377947473543 
15.0 0.8319881163794223 0.23917774425531801 0.374341586140051 
17.0 0.9320538387614004 0.2636022127522799 0.25243193597230684 
19.0 1.010557993019745 0.1522997770523996 0.1522997770523995 
21.0 0.7081798533891925 0.1561646367552295 0.15962404535313623 
23.0 0.8386596120565949 0.06502509331125683 0.4303681571073955 
