1.0 0.7599016366182093 0.2278806984795927 0.21789331239358567 
3.0 0.7590538290184885 0.21632358396903173 0.24808905334433473 
5.0 0.8511637880872082 0.21379568290847406 0.2663121347032461 
7.0 0.9037463642492284 0.22163310709469508 0.2385348868310121 
9.0 0.8989296301471004 0.1803707248363844 0.2439302121837823 
11.0 0.913100522349986 0.16689534993081323 0.24341816762165602 
13.0 0.9393972647828879 0.18566105391405296 0.22690435819778854 
15.0 0.8867925148195623 0.18410281258290873 0.21111580663165697 
17.0 0.8417042039050371 0.14812096925273543 0.25192404886248476 
19.0 0.8100573398500874 0.12348526769034496 0.19000329539699767 
21.0 0.7668929935629311 0.11441321049484732 0.21559991393259303 
23.0 0.7762285505460648 0.12798929909345702 0.15239877029703874 
