1.0 1.049327464680691 0.3048960549747891 0.3441527268858424 
3.0 0.9925981197217818 0.23918082754473535 0.277601045102284 
5.0 0.9464002412051802 0.18306331271142073 0.2323738916534348 
7.0 0.9141648628218972 0.1638074961667142 0.19248456751036014 
9.0 0.8802125239204182 0.16559964819887374 0.1941789779042553 
11.0 0.8215833729926991 0.1565883437201815 0.18958180542879477 
13.0 0.7807111709386428 0.13338715085170572 0.1852296218221967 
15.0 0.7683059626135895 0.1357143934535434 0.17134635797544628 
17.0 0.7666669666816437 0.12401671777818801 0.16121274855297418 
19.0 0.749652723803885 0.12275670248022807 0.14995784304754645 
21.0 0.7317136798014507 0.11338178203111526 0.1482867143631329 
23.0 0.6989393174565126 0.1041512577180066 0.14582445964035307 
