0.0625 0.806621507217199 0.04164608397375391 0.23601977266385454 
0.1875 0.8405417895626466 0.11303153900342189 0.21475294218828256 
0.3125 0.8674207389095137 0.1417306532460001 0.17634923839241612 
0.4375 0.9024789699621311 0.16075649113924328 0.15803237838628303 
0.5625 0.9131838495721186 0.17224819114609247 0.19715075690020634 
0.6875 0.9249740016618558 0.1681155606674506 0.20438520845421537 
0.8125 0.9375105844556411 0.180212168796548 0.22368361622045807 
0.9375 0.9092973493332193 0.18483234351275568 0.23613131951881394 
1.0625 0.896124197748401 0.17940379836817266 0.22859249635461165 
1.1875 0.905912534963923 0.21281699225451767 0.2510670143524072 
1.3125 0.8729198545616464 0.1984104400407658 0.30080057123448356 
1.4375 0.8227007226043114 0.21091149386571528 0.31877473000116774 
1.5625 0.794110034146528 0.21239895270608533 0.27991021220324563 
1.6875 0.6177243709006548 0.06684614322849625 0.4614989874645281 
1.8125 0.6634339929624402 0.11659530103360238 0.18334920794066134 
1.9375 0.6774066392155929 0.3094297953172498 0.27470601391935534 
2.0625 0.5416204692495185 0.09303303823891779 0.03291427137823277 
2.1875 0.6415446261255706 0.020077065370100677 0.08493494957722425 
2.3125 0.5918852404435799 0.0 0.0 
2.4375 0.0 0.0 0.0 
