1.0 0.7814340518113495 0.2016655281713634 0.2137263057795067 
3.0 0.8622041373032681 0.2406918567401084 0.26952378974354096 
5.0 0.9690984283804274 0.20824618158611385 0.23873795427381683 
7.0 0.9607781880230486 0.18948981654322683 0.2240493079937238 
9.0 0.8851809161458364 0.1541324411862064 0.20870862694557113 
11.0 0.854663962870291 0.14250987185005526 0.1688690741914558 
13.0 0.8433125492987761 0.13382759571060743 0.15923879753089398 
15.0 0.8364262578008237 0.13307218749067495 0.15173251872329863 
17.0 0.8249273307858959 0.11924153809313309 0.14862706725821762 
19.0 0.7903281020479105 0.11763894740423064 0.14890229754161732 
21.0 0.7578140571289391 0.1414239466418835 0.14570535806597418 
23.0 0.7035439600210632 0.099768213740134 0.14124448806692413 
