0.0625 1.065668940011029 0.251781623503439 0.28413802889046647 
0.1875 1.0360842774754147 0.23667608534194273 0.2692669859419734 
0.3125 0.95880332910839 0.2131683740147925 0.26842992092653506 
0.4375 0.9008871128563314 0.21320110168716755 0.237609235083303 
0.5625 0.8472661280497766 0.17733581273204324 0.23619522616087418 
0.6875 0.8351566900231341 0.153876901994786 0.21046926064212468 
0.8125 0.8509404280647409 0.17091000741841067 0.2172577253266489 
0.9375 0.8547090480000572 0.18718597559695727 0.22174340895406708 
1.0625 0.8568598806744863 0.1906305015355544 0.2209226663982733 
1.1875 0.8105525409814338 0.22293140320387528 0.2806864927890069 
1.3125 0.8363598708179815 0.19044162723820046 0.23711003029185063 
1.4375 0.7444715032019236 0.2099331454597564 0.2806292119397633 
1.5625 0.753559033901958 0.2122113843797896 0.24315145169333974 
1.6875 0.8182246189225951 0.23723189567408354 0.2967646521984101 
1.8125 0.7184206429274163 0.2156782176570785 0.29442157624943954 
1.9375 0.8134255099698718 0.29903056294975494 0.24284019724647055 
2.0625 0.6486795523855953 0.17689945387128703 0.21711061193554304 
2.1875 0.6217435183311364 0.026576579511492837 0.0910646586921785 
2.3125 0.43976934174011617 0.18239335134751272 0.4613817795638496 
2.4375 0.0 0.0 0.0 
