0.0625 0.8376520220407238 0.22675430613318925 0.2448480573821501 
0.1875 0.8235913995666172 0.20833908291396197 0.22123522782991134 
0.3125 0.7763341667284723 0.18100161175420804 0.2052394576101264 
0.4375 0.7428467481374325 0.1655421650226261 0.19159254062380282 
0.5625 0.7100314664065048 0.13811685845982646 0.17568873374393923 
0.6875 0.7026211969214082 0.13312212100996734 0.17138295464990616 
0.8125 0.6991320285686841 0.15935799522936134 0.17656183548577575 
0.9375 0.675189477595516 0.14435291007018247 0.18863778870505987 
1.0625 0.6918657739078005 0.1706840799166116 0.19720637861938606 
1.1875 0.6108809929870571 0.16951619194892276 0.19159475137681847 
1.3125 0.6646256004330278 0.15915933538626226 0.21994514956514033 
1.4375 0.5513730073423574 0.15503319060371173 0.301435812948034 
1.5625 0.5488376932057881 0.13106697371758852 0.1711888216708466 
1.6875 0.6966774040066683 0.23505809113371284 0.27881989958489606 
1.8125 0.48524383784521624 0.13209684346852074 0.2298073520025325 
1.9375 0.7080916092863612 0.3505230376644875 0.1815518845740014 
2.0625 0.5277743445882535 0.20446845331630742 0.23188129150588477 
2.1875 0.6048292237058539 0.1194029418764167 0.12573037228518746 
2.3125 0.2960016497150072 0.04871073015194374 0.45734674057517155 
2.4375 0.0 0.0 0.0 
