0.0625 0.8692265346709416 0.19107761251658162 0.21907185336587953 
0.1875 0.8417676885720159 0.18864956918755238 0.21273599509179852 
0.3125 0.8145408465218409 0.1896697691346949 0.21971082685984777 
0.4375 0.7894339882677852 0.17600918193405002 0.20368042424359334 
0.5625 0.7515569244672485 0.16169775561683097 0.19690481111678215 
0.6875 0.7088386541860616 0.16951797146870828 0.21753448983527002 
0.8125 0.6525978855373733 0.2055079526700171 0.21445398438491792 
0.9375 0.6291954738973451 0.1493193196518771 0.20531496568024432 
1.0625 0.590754880759432 0.16783986209775326 0.19602291981069042 
1.1875 0.5553038905781512 0.15103514108914506 0.18354510825908743 
1.3125 0.6751498616673985 0.21890415230407162 0.2799538805130539 
1.4375 0.4455558396837341 0.12125586487072959 0.1667816598864294 
1.5625 0.5039130577172725 0.0995125976224967 0.21076293290505954 
1.6875 0.7515849953751232 0.34653150288288725 0.2840679369568855 
1.8125 0.420357262763676 0.14642307220162426 0.10182824850659378 
1.9375 0.7772015518959695 0.12797847839010756 0.22803989417271742 
2.0625 0.5632565708717364 0.27702882642058696 0.3140179031425816 
2.1875 0.4623640056199175 0.0 0.0 
2.3125 0.0 0.0 0.0 
2.4375 0.0 0.0 0.0 
