1.0 0.793871615938297 0.2793275984204526 0.29845068602072256 
3.0 0.8465444370173854 0.19187640600599443 0.2170457351603312 
5.0 0.8152007954211536 0.15851339995637703 0.17055028817219586 
7.0 0.752812987429077 0.12079172892626977 0.13943762345318111 
9.0 0.743591050876238 0.10673010410660544 0.11649773664336749 
11.0 0.6707713593666893 0.11990936672844332 0.11783335966879371 
13.0 0.5560512971609155 0.0566761332645036 0.1456040254696589 
15.0 0.5942390541814637 0.11945589494094366 0.035256721460724005 
17.0 0.5132645826227649 0.019176590968274176 0.002236920690573796 
19.0 0.0 0.0 0.0 
21.0 0.0 0.0 0.0 
23.0 0.0 0.0 0.0 
