1.0 0.7832678847188318 0.270756738781482 0.2964754812822158 
3.0 0.7811916197185326 0.21291603806259818 0.23017405857686646 
5.0 0.7773335952777136 0.1566035670939412 0.18545005481316224 
7.0 0.7702416775540736 0.13762512768293078 0.15012008975978275 
9.0 0.7461999053261733 0.14006365273642474 0.16519206490202543 
11.0 0.6995374721220606 0.13221987667090207 0.1565025378756102 
13.0 0.671437884213107 0.11605052572667385 0.14310126931305844 
15.0 0.657351224472063 0.11079234917864611 0.1370333331168747 
17.0 0.6530396880899294 0.10839173547311987 0.13141933903436043 
19.0 0.6378249342430302 0.09682638532630206 0.12305255923430691 
21.0 0.6224682877147275 0.07942629295656933 0.11033316402922355 
23.0 0.610042166071278 0.09333914026641033 0.09981444839229903 
