0.0625 0.7585753569555359 0.06611395461929559 0.23112850803630525 
0.1875 0.7598258399372294 0.12363034584422006 0.15581805617930788 
0.3125 0.7660765480155702 0.12511114101935916 0.1349704461355632 
0.4375 0.774662463738224 0.1355247635373089 0.15066937570532268 
0.5625 0.7790676538193428 0.1417648825451403 0.15592535125881268 
0.6875 0.7714476470783318 0.13657571710240923 0.16927961531821611 
0.8125 0.7585629690470382 0.13339759020910003 0.18127993994840452 
0.9375 0.7241981060144447 0.13901156536868042 0.19514963790031403 
1.0625 0.6791802840427915 0.13250932283962913 0.1489352864631579 
1.1875 0.6590184467572795 0.12727364509088468 0.2111118695138563 
1.3125 0.6338197344186911 0.12805916147888607 0.19133942138192295 
1.4375 0.6431136320206061 0.1715759929442453 0.193985722646854 
1.5625 0.54428598120824 0.09827729723609635 0.2755153276373963 
1.6875 0.5134533310750338 0.07837368228473862 0.1689525494566656 
1.8125 0.47868979746493434 0.05998949070274828 0.15497925377917465 
1.9375 0.47816205480323476 0.16938510653503225 0.3581422751691306 
2.0625 0.34920144685968135 0.024037679166223958 0.1434437660165654 
2.1875 0.6181575168682356 0.04161556743207351 0.06436836389900791 
2.3125 0.20359010372931458 0.0 0.0 
2.4375 0.0 0.0 0.0 
