1.0 0.7981095239649006 0.358263347968947 0.2178679684117123 
3.0 0.4730024898723385 0.16752918013857504 0.35029096881195376 
5.0 0.5147035682918472 0.2115612382361246 0.219269814621478 
7.0 0.4933877924306908 0.14416788836499705 0.2533229104941263 
9.0 0.4758926252702621 0.21088176167048028 0.15346065785437424 
11.0 0.68636889383568 0.3925733753551902 0.175898884462253 
13.0 0.528705071634319 0.10637471390668496 0.3276231524339659 
15.0 0.6884988636103426 0.17559523631453022 0.06660344453551947 
17.0 0.5599395563958873 0.06203913451456583 0.29049034620816216 
19.0 0.5601234045897288 0.007495005766628315 0.007495005766628204 
21.0 0.5590088119302135 0.10446528739714867 0.051622445506339654 
23.0 0.7391020101493916 0.09725001894876883 0.02425989430673625 
