0.0625 0.8321780608752206 0.23505999549121515 0.2492466711607867 
0.1875 0.816492330904729 0.23075874177890265 0.22813557744161916 
0.3125 0.766924301555429 0.19769490315510307 0.22082933095381496 
0.4375 0.738271996079232 0.18029995161486867 0.2226404878713527 
0.5625 0.6971523313950292 0.17590739848461168 0.1916442573303745 
0.6875 0.6751921769611994 0.15749923619815742 0.18466726219489815 
0.8125 0.6144117748151909 0.17944046978643052 0.3043686480931176 
0.9375 0.5724942652279004 0.13119505591781672 0.1780852343538697 
1.0625 0.7994817231813246 0.2942450449863169 0.22587071415538296 
1.1875 0.49455093697413716 0.11581591654822326 0.1971916287019922 
1.3125 0.6962369370204349 0.17043606158168179 0.1942875609788327 
1.4375 0.6600611342467233 0.25995628225202927 0.3562612220326846 
1.5625 0.537111742476506 0.13999129265273447 0.08531592129701027 
1.6875 0.9075310394430971 0.17287897444242306 0.11905771063639681 
1.8125 0.48524383784521624 0.11615928327621644 0.2021777242224902 
1.9375 0.7981095239649006 0.2925636301444645 0.09470108930210208 
2.0625 1.1859123140465277 0.0 0.0 
2.1875 0.0 0.0 0.0 
2.3125 0.0 0.0 0.0 
2.4375 0.0 0.0 0.0 
