1.0 0.6156700226558581 0.165888637853783 0.2578864812492381 
3.0 0.6358510897652812 0.18124943683686057 0.2149445217776066 
5.0 0.7398519354475342 0.15438800416224452 0.2059612170671823 
7.0 0.7749352513818484 0.14186184039641503 0.1676351226321081 
9.0 0.7354770722342535 0.12970689207381536 0.17727562170123534 
11.0 0.7180688700125589 0.12664633259895852 0.15032699004474215 
13.0 0.7107197575473725 0.1228774093400361 0.13729819571776192 
15.0 0.696792706742625 0.112526442249551 0.14878482038260477 
17.0 0.6971848444534207 0.10990932134992759 0.12491383767785502 
19.0 0.680258011337597 0.11139656820430788 0.10522935651226695 
21.0 0.6371592909594223 0.0853385908865919 0.11259310743192019 
23.0 0.6118894265547153 0.09129951710474293 0.10035230685751328 
