1.0 0.7284455142109014 0.17675511620475914 0.2186493184840529 
3.0 0.7737361769914608 0.186003628787206 0.21727770898896515 
5.0 0.7887746918932608 0.1400776537250209 0.17748677445530747 
7.0 0.784247630732367 0.13255770360973373 0.1409246412459142 
9.0 0.7578515966527076 0.14310649257075247 0.16085566904836412 
11.0 0.6907054087403213 0.13350328162474123 0.15464106957488188 
13.0 0.6454557363594855 0.0998533399118331 0.12618266580512705 
15.0 0.6226956259293247 0.09281517515549587 0.10873996043277567 
17.0 0.6131676451559863 0.08884776436945963 0.10828386740381601 
19.0 0.605629343080409 0.08172462971151462 0.10497059322600288 
21.0 0.6150219015219057 0.07295912028257645 0.09730696174788456 
23.0 0.6061223366585097 0.09737348457245698 0.07842809579444276 
