1.0 0.6532619907351724 0.21989763914707705 0.28802805744811466 
3.0 0.5697999215334345 0.16705326342750582 0.2519922979242698 
5.0 0.6141981572759411 0.15074159646723184 0.1985244056396417 
7.0 0.6647646271732914 0.1460897726483371 0.15448535461292667 
9.0 0.6862635040329814 0.1478931163432058 0.18060011460242764 
11.0 0.7049057535125494 0.13252319802817236 0.14972771317961586 
13.0 0.7245841069139235 0.15218680001748197 0.16139612287689453 
15.0 0.7069335141827136 0.1671423322374025 0.1462048805883448 
17.0 0.6910234712917277 0.14469868584621537 0.14839536018741661 
19.0 0.6788365112656769 0.11930792372155952 0.11343075294740246 
21.0 0.6191091592915334 0.10549493175453906 0.11717828152244092 
23.0 0.6168726475454962 0.08432743632541229 0.18436534079097122 
