0.0625 0.0 0.0 0.0 
0.1875 0.6429699915347393 0.1433706935362286 0.14768288090957438 
0.3125 0.6219841589720925 0.10095302502590209 0.1525624872102872 
0.4375 0.6420545608210398 0.10890656320507697 0.152349539728745 
0.5625 0.6666911220673442 0.1122417332588207 0.13485574280443835 
0.6875 0.6906289149986916 0.11427390869662835 0.1342688825375229 
0.8125 0.7074289036200244 0.12966010750418355 0.14723462189321357 
0.9375 0.7325187353540596 0.1332354786065444 0.15407555254171823 
1.0625 0.730740769252915 0.12466324168010312 0.16175008769135812 
1.1875 0.7304330601110893 0.13867032926179268 0.1231551246693996 
1.3125 0.6986719495642428 0.15922321496575675 0.16390654566928198 
1.4375 0.5806747534427975 0.11033172149439702 0.24082487378440143 
1.5625 0.6194933874129802 0.12807035288853824 0.12271230173621384 
1.6875 0.5655880412505742 0.13564395829587056 0.2449470604734869 
1.8125 0.757040996517822 0.26768467057167983 0.14630803804700765 
1.9375 0.8377355128055819 0.4151605716022938 0.03293067604815669 
2.0625 0.35337554062066934 0.0 0.0 
2.1875 0.6195110482931918 0.09052421003608346 0.09052421003608335 
2.3125 0.2960016497150072 0.0009303621724600641 0.0009303621724600086 
2.4375 0.0 0.0 0.0 
