0.0625 0.0 0.0 0.0 
0.1875 0.0 0.0 0.0 
0.3125 0.5402281855751784 0.062045401267777245 0.06789356622109133 
0.4375 0.5674397101835414 0.0604842616623108 0.08710952593859933 
0.5625 0.6094561375819555 0.08472037802590948 0.09536678105602181 
0.6875 0.6484232485749049 0.09659961515841109 0.11007301531905556 
0.8125 0.6731397833213069 0.11299101163676517 0.12656679766644396 
0.9375 0.6783763904006171 0.11622210722449544 0.14354682963320586 
1.0625 0.6886226341855408 0.12097595328925337 0.13494364692903338 
1.1875 0.6381942000164063 0.10981978096672329 0.14091357721325803 
1.3125 0.625791076149014 0.11867429083841963 0.18676478401517083 
1.4375 0.5869705812119821 0.11820350360953508 0.11748638466604211 
1.5625 0.6424308127872869 0.18065254960695837 0.11204670254808302 
1.6875 0.6088194174026778 0.13545850677942234 0.1214632926404523 
1.8125 0.5693489925715708 0.02480991711852154 0.07273272452443791 
1.9375 0.5385375090349692 0.18013801824983677 0.08168954491442915 
2.0625 0.5605603333140439 0.09899297744431024 0.16521888945289032 
2.1875 0.0 0.0 0.0 
2.3125 1.1742516772838296 0.0 0.0 
2.4375 0.0 0.0 0.0 
